1696948871.981834,0.000000,104568.597656,161235.191406
1696948872.014637,131.100000,104568.597656,161235.191406
1696948873.011502,101.000000,106306.855469,162960.464844
1696948874.006566,103.000000,106306.894531,162960.464844
1696948875.015466,103.000000,106306.902344,162960.464844
1696948876.004366,103.000000,106306.933594,162960.464844
1696948877.013709,101.000000,106307.132812,162960.464844
1696948878.012398,103.000000,106307.132812,162960.464844
1696948879.012123,103.000000,106108.437500,162748.460938
1696948880.011674,104.000000,105551.910156,162178.648438
1696948881.014328,102.000000,105551.914062,162178.648438
1696948882.012351,103.000000,105551.914062,162178.648438
1696948883.011606,103.000000,105551.914062,162178.648438
1696948884.011705,103.000000,105551.914062,162178.648438
1696948885.011260,103.000000,105551.914062,162178.648438
1696948886.011510,103.000000,105551.914062,162178.648438
1696948887.011411,102.000000,105552.050781,162178.648438
1696948888.011991,103.000000,105552.050781,162178.648438
1696948889.011557,103.000000,105552.050781,162178.648438
1696948890.011752,102.000000,105552.050781,162178.648438
1696948891.011772,104.000000,105552.156250,162178.648438
1696948892.011786,102.000000,105552.167969,162178.648438
1696948893.011922,103.000000,105552.183594,162178.648438
1696948894.013144,103.000000,105552.183594,162178.648438
1696948895.011424,103.000000,105552.183594,162178.648438
1696948896.011541,103.000000,105552.183594,162178.648438
1696948897.012074,103.000000,105552.183594,162178.648438
1696948898.011495,102.000000,105552.183594,162178.648438
1696948899.011481,103.000000,105534.554688,162147.855469
1696948900.011002,103.000000,105534.734375,162147.855469
1696948901.011115,103.000000,105534.734375,162147.855469
1696948902.011261,102.000000,105534.734375,162147.855469
1696948903.011476,103.000000,105534.734375,162147.855469
1696948904.013248,103.000000,105534.746094,162147.855469
1696948905.011894,103.000000,105534.746094,162147.855469
1696948906.011372,103.000000,105534.847656,162147.855469
1696948907.011399,103.000000,105534.847656,162147.855469
1696948908.011539,102.000000,105534.847656,162147.855469
1696948909.011508,103.000000,105534.847656,162147.855469
1696948910.007046,102.000000,105534.847656,162147.855469
1696948911.011603,103.000000,105534.847656,162147.855469
1696948912.011587,103.000000,105534.847656,162147.855469
1696948913.011738,102.000000,105534.847656,162147.855469
1696948914.011241,104.000000,105534.847656,162147.855469
1696948915.011350,102.000000,105534.847656,162147.855469
1696948916.011609,104.000000,105534.851562,162147.855469
1696948917.011280,102.000000,105534.851562,162147.855469
1696948918.012184,103.000000,105534.851562,162147.855469
1696948919.011414,103.000000,105534.851562,162147.855469
1696948920.011468,102.000000,105534.851562,162147.855469
1696948921.011451,103.000000,105534.851562,162147.855469
1696948922.011499,103.000000,105534.851562,162147.855469
1696948923.011646,102.000000,105534.937500,162147.855469
1696948924.011372,103.000000,105534.937500,162147.855469
1696948925.011241,103.000000,105534.937500,162147.855469
1696948926.011533,103.000000,105534.937500,162147.855469
1696948927.011297,102.000000,105534.937500,162147.855469
1696948928.011749,104.000000,105534.937500,162147.855469
1696948929.011634,102.000000,105534.937500,162147.855469
1696948930.011192,103.000000,105534.937500,162147.855469
1696948931.011501,103.000000,105534.937500,162147.855469
1696948932.011883,103.000000,105534.937500,162147.855469
1696948933.011356,103.000000,105534.937500,162147.855469
1696948934.012025,102.000000,105534.937500,162147.855469
1696948935.011289,103.000000,105534.937500,162147.855469
1696948936.011539,103.000000,105534.937500,162147.855469
1696948937.011976,102.000000,105534.937500,162147.855469
1696948938.011467,103.000000,105534.937500,162147.855469
1696948939.011508,103.000000,105534.937500,162147.855469
1696948940.011503,103.000000,105534.937500,162147.855469
1696948941.011468,103.000000,105534.937500,162147.855469
1696948942.011529,102.000000,105534.937500,162147.855469
1696948943.011754,100.000000,105534.937500,162147.855469
1696948944.011269,103.000000,105534.937500,162147.855469
1696948945.011395,102.000000,105534.937500,162147.855469
1696948946.011365,103.000000,105534.937500,162147.855469
1696948947.011526,104.000000,105534.937500,162147.855469
1696948948.011794,102.000000,105534.937500,162147.855469
1696948949.011609,103.000000,105534.937500,162147.855469
1696948950.011251,102.000000,105534.937500,162147.855469
1696948951.011603,103.000000,105534.937500,162147.855469
1696948952.011410,103.000000,105534.937500,162147.855469
1696948953.011327,103.000000,105534.937500,162147.855469
1696948954.011463,103.000000,105534.937500,162147.855469
1696948955.013286,102.000000,105534.937500,162147.855469
1696948956.011782,103.000000,105534.937500,162147.855469
1696948957.011025,103.000000,105534.937500,162147.855469
1696948958.011431,103.000000,105534.937500,162147.855469
1696948959.011636,103.000000,105534.937500,162147.855469
1696948960.007793,103.000000,105535.093750,162147.855469
1696948961.011395,102.000000,105535.097656,162147.855469
1696948962.011585,102.000000,105535.097656,162147.855469
1696948963.011680,104.000000,105535.097656,162147.855469
1696948964.011969,102.000000,105535.097656,162147.855469
1696948965.011613,103.000000,105535.097656,162147.855469
1696948966.011211,102.000000,105535.097656,162147.855469
1696948967.011682,103.000000,105535.097656,162147.855469
1696948968.011218,103.000000,105535.097656,162147.855469
1696948969.011445,103.000000,105535.097656,162147.855469
1696948970.011436,103.000000,105535.097656,162147.855469
1696948971.011472,103.000000,105535.097656,162147.855469
1696948972.011893,102.000000,105535.097656,162147.855469
1696948973.011202,103.000000,105535.097656,162147.855469
1696948974.011764,103.000000,105535.097656,162147.855469
1696948975.011552,103.000000,105535.097656,162147.855469
1696948976.011497,103.000000,105535.097656,162147.855469
1696948977.011398,103.000000,105535.164062,162147.855469
1696948978.011553,102.000000,105535.164062,162147.855469
1696948979.007933,103.000000,105535.164062,162147.855469
1696948980.012146,103.000000,105535.164062,162147.855469
1696948981.011440,102.000000,105535.164062,162147.855469
1696948982.011226,103.000000,105535.164062,162147.855469
1696948983.011667,103.000000,105535.164062,162147.855469
1696948984.011708,102.000000,105535.164062,162147.855469
1696948985.011406,104.000000,105535.164062,162147.855469
1696948986.011389,103.000000,105535.164062,162147.855469
1696948987.011339,102.000000,105535.164062,162147.855469
1696948988.011306,103.000000,105535.164062,162147.855469
1696948989.011474,102.000000,105535.164062,162147.855469
1696948990.011419,104.000000,105535.164062,162147.855469
1696948991.011525,103.000000,105535.164062,162147.855469
1696948992.011531,102.000000,105535.164062,162147.855469
1696948993.011563,103.000000,105535.164062,162147.855469
1696948994.011983,102.000000,105535.164062,162147.855469
1696948995.011432,103.000000,105535.164062,162147.855469
1696948996.011223,103.000000,105536.203125,162147.855469
1696948997.011901,103.000000,105536.203125,162147.855469
1696948998.011323,102.000000,105536.203125,162147.855469
1696948999.011770,104.000000,105536.203125,162147.855469
1696949000.011672,102.000000,105536.203125,162147.855469
1696949001.008197,103.000000,105536.203125,162147.855469
1696949002.011585,102.000000,105536.203125,162147.855469
1696949003.011468,104.000000,105536.203125,162147.855469
1696949004.011281,102.000000,105536.203125,162147.855469
1696949005.011566,103.000000,105536.203125,162147.855469
1696949006.011633,103.000000,105536.203125,162147.855469
1696949007.011298,102.000000,105536.203125,162147.855469
1696949008.011596,103.000000,105536.203125,162147.855469
1696949009.011386,103.000000,105536.203125,162147.855469
1696949010.011709,103.000000,105536.203125,162147.855469
1696949011.012013,102.000000,105536.203125,162147.855469
1696949012.011559,104.000000,105536.203125,162147.855469
1696949013.011704,102.000000,105536.203125,162147.855469
1696949014.012691,103.000000,105536.203125,162147.855469
1696949015.011646,103.000000,105536.203125,162147.855469
1696949016.008284,102.000000,105536.203125,162147.855469
1696949017.011619,104.000000,105536.203125,162147.855469
1696949018.011490,102.000000,105536.203125,162147.855469
1696949019.011466,103.000000,105536.203125,162147.855469
1696949019.459223,83.400000,103780.140625,160391.792969
