1696949985.165751,0.000000,119527.312500,180724.605469
1696949985.203973,101.800000,119527.312500,180724.605469
1696949986.187466,102.000000,121283.179688,182480.667969
1696949987.200680,102.000000,121283.179688,182480.667969
1696949988.188854,103.000000,121283.179688,182480.667969
1696949989.197953,102.000000,121283.179688,182480.667969
1696949990.201299,104.000000,121283.375000,182480.667969
1696949991.197356,102.000000,121283.375000,182480.667969
1696949992.198241,103.000000,121283.375000,182480.667969
1696949993.201888,103.000000,121283.375000,182480.667969
1696949994.191693,104.000000,121283.375000,182480.667969
1696949995.198509,102.000000,121283.375000,182480.667969
1696949996.196926,103.000000,121283.375000,182480.667969
1696949997.197782,104.000000,121283.375000,182480.667969
1696949998.200563,102.000000,121283.375000,182480.667969
1696949999.205453,104.300000,121283.375000,182480.667969
1696950000.202110,102.700000,121283.375000,182480.667969
1696950001.198379,104.000000,121283.375000,182480.667969
1696950002.197900,103.000000,121283.375000,182480.667969
1696950003.198339,104.000000,121283.375000,182480.667969
1696950004.197117,103.000000,121283.375000,182480.667969
1696950005.197837,102.000000,121283.375000,182480.667969
1696950006.197042,103.000000,121283.375000,182480.667969
1696950007.197516,103.000000,121283.375000,182480.667969
1696950008.197322,103.000000,121283.375000,182480.667969
1696950009.197905,103.000000,121283.375000,182480.667969
1696950010.197359,104.000000,121283.375000,182480.667969
1696950011.197429,102.000000,121283.375000,182480.667969
1696950012.197195,103.000000,121283.375000,182480.667969
1696950013.197562,103.000000,121283.375000,182480.667969
1696950014.197011,103.000000,121283.375000,182480.667969
1696950015.197149,103.000000,121283.375000,182480.667969
1696950016.196968,103.000000,121283.375000,182480.667969
1696950017.197420,103.000000,121283.375000,182480.667969
1696950018.197280,103.000000,121283.375000,182480.667969
1696950019.197345,103.000000,121283.375000,182480.667969
1696950020.197719,103.000000,121283.375000,182480.667969
1696950021.197315,103.000000,121283.375000,182480.667969
1696950022.197340,103.000000,121283.375000,182480.667969
1696950023.197442,103.000000,121283.375000,182480.667969
1696950024.197084,103.000000,121283.375000,182480.667969
1696950025.197286,103.000000,121283.375000,182480.667969
1696950026.197272,103.000000,121283.375000,182480.667969
1696950027.197272,103.000000,121283.375000,182480.667969
1696950028.197072,103.000000,121283.375000,182480.667969
1696950029.197706,103.000000,121283.375000,182480.667969
1696950030.197295,103.000000,121283.375000,182480.667969
1696950031.197767,103.000000,121283.375000,182480.667969
1696950032.197320,102.000000,121283.375000,182480.667969
1696950033.198105,104.000000,121283.375000,182480.667969
1696950034.197276,103.000000,121283.375000,182480.667969
1696950035.197457,103.000000,121283.375000,182480.667969
1696950036.197152,103.000000,121283.375000,182480.667969
1696950037.197189,103.000000,121283.375000,182480.667969
1696950038.198171,103.000000,121283.375000,182480.667969
1696950039.197149,103.000000,121283.375000,182480.667969
1696950040.197269,103.000000,121283.375000,182480.667969
1696950041.197566,103.000000,121283.375000,182480.667969
1696950042.196996,103.000000,121283.375000,182480.667969
1696950043.197480,103.000000,121283.375000,182480.667969
1696950044.197173,102.000000,121283.375000,182480.667969
1696950045.197661,104.000000,121283.375000,182480.667969
1696950046.197130,103.000000,121283.375000,182480.667969
1696950047.197420,103.000000,121283.375000,182480.667969
1696950048.197292,103.000000,121283.375000,182480.667969
1696950049.197067,102.000000,121283.375000,182480.667969
1696950050.197311,104.000000,121283.375000,182480.667969
1696950051.197229,103.000000,121283.375000,182480.667969
1696950052.197116,102.000000,121283.375000,182480.667969
1696950053.193318,103.000000,121283.375000,182480.667969
1696950054.197260,103.000000,121283.375000,182480.667969
1696950055.197204,104.000000,121283.375000,182480.667969
1696950056.197291,102.000000,121283.375000,182480.667969
1696950057.197192,103.000000,121283.375000,182480.667969
1696950058.197114,103.000000,121283.375000,182480.667969
1696950059.198892,103.000000,121283.375000,182480.667969
1696950060.197019,103.000000,121283.375000,182480.667969
1696950061.196882,104.000000,121283.375000,182480.667969
1696950062.198018,103.000000,121283.375000,182480.667969
1696950063.197486,102.000000,121283.375000,182480.667969
1696950064.197075,104.000000,121283.375000,182480.667969
1696950065.197181,102.000000,121283.375000,182480.667969
1696950066.196723,103.000000,121283.375000,182480.667969
1696950067.197351,103.000000,121283.375000,182480.667969
1696950068.197117,103.000000,121283.375000,182480.667969
1696950069.197543,103.000000,121283.375000,182480.667969
1696950070.197017,103.000000,121283.375000,182480.667969
1696950071.197160,103.000000,121283.375000,182480.667969
1696950072.196484,103.000000,121283.375000,182480.667969
1696950073.197163,103.000000,121283.375000,182480.667969
1696950074.195294,103.000000,121283.375000,182480.667969
1696950075.196977,103.000000,121283.375000,182480.667969
1696950076.196865,103.000000,121283.375000,182480.667969
1696950077.197070,102.000000,121283.375000,182480.667969
1696950078.197114,103.000000,121283.375000,182480.667969
1696950079.197176,103.000000,121283.375000,182480.667969
1696950080.197138,103.000000,121283.375000,182480.667969
1696950081.197333,103.000000,121283.375000,182480.667969
1696950082.196708,104.000000,121283.375000,182480.667969
1696950083.197130,103.000000,121283.375000,182480.667969
1696950084.197355,102.000000,121283.375000,182480.667969
1696950085.197131,104.000000,121283.375000,182480.667969
1696950086.197258,102.000000,121283.375000,182480.667969
1696950087.193038,104.000000,121283.375000,182480.667969
1696950088.197482,101.000000,121283.375000,182480.667969
1696950089.197200,103.000000,121283.375000,182480.667969
1696950090.197044,104.000000,121283.375000,182480.667969
1696950091.197489,103.000000,121283.375000,182480.667969
1696950092.196206,103.000000,121283.375000,182480.667969
1696950093.197577,103.000000,121283.375000,182480.667969
1696950094.196830,103.000000,121283.375000,182480.667969
1696950095.197258,103.000000,121283.375000,182480.667969
1696950096.197077,102.000000,121283.375000,182480.667969
1696950097.197222,104.000000,121283.375000,182480.667969
1696950098.197093,103.000000,121283.375000,182480.667969
1696950099.197199,102.000000,121283.375000,182480.667969
1696950100.197190,103.000000,121283.375000,182480.667969
1696950101.197485,104.000000,121283.375000,182480.667969
1696950102.196385,102.000000,121283.375000,182480.667969
1696950103.196970,104.000000,121283.375000,182480.667969
1696950104.197336,102.000000,121283.375000,182480.667969
1696950105.197425,103.000000,121283.375000,182480.667969
1696950106.197275,103.000000,121283.375000,182480.667969
1696950107.197158,103.000000,121283.375000,182480.667969
1696950108.198199,102.900000,121283.375000,182480.667969
1696950109.197143,103.100000,121283.375000,182480.667969
1696950110.196837,103.000000,121283.375000,182480.667969
1696950111.197278,103.000000,121283.375000,182480.667969
1696950112.196201,103.000000,121283.375000,182480.667969
1696950113.196869,103.000000,121283.375000,182480.667969
1696950114.196960,103.000000,121283.375000,182480.667969
1696950115.197218,103.000000,121283.375000,182480.667969
1696950116.197053,103.000000,121283.375000,182480.667969
1696950117.197529,103.000000,121283.375000,182480.667969
1696950118.197237,103.000000,121283.375000,182480.667969
1696950119.198922,102.000000,121283.375000,182480.667969
1696950120.197036,104.000000,121283.375000,182480.667969
1696950121.197596,102.000000,121283.375000,182480.667969
1696950122.196172,104.000000,121283.375000,182480.667969
1696950123.197980,102.000000,121283.375000,182480.667969
1696950124.197216,104.000000,121283.375000,182480.667969
1696950125.197370,103.000000,121283.375000,182480.667969
1696950126.197315,102.000000,121283.375000,182480.667969
1696950127.197113,104.000000,121283.375000,182480.667969
1696950128.197288,103.000000,121283.375000,182480.667969
1696950129.197640,103.000000,121283.375000,182480.667969
1696950130.197271,103.000000,121283.375000,182480.667969
1696950131.197217,103.000000,121283.375000,182480.667969
1696950132.057608,95.300000,119527.312500,180724.605469
