1696947213.089780,0.000000,102488.167969,158990.882812
1696947213.122182,123.900000,102488.167969,158990.882812
1696947214.121852,101.000000,104244.230469,160746.945312
1696947215.120132,103.000000,104244.230469,160746.945312
1696947216.119700,104.000000,104244.230469,160746.945312
1696947217.119825,102.000000,104244.230469,160746.945312
1696947218.120368,102.000000,104244.230469,160746.945312
1696947219.120827,104.000000,104244.230469,160746.945312
1696947220.120130,102.000000,104244.230469,160746.945312
1696947221.121053,104.000000,104244.230469,160746.945312
1696947222.120611,102.000000,104244.230469,160746.945312
1696947223.119496,104.000000,104244.230469,160746.945312
1696947224.121502,103.000000,104244.230469,160746.945312
1696947225.120134,102.000000,104244.343750,160746.945312
1696947226.120263,103.000000,104244.343750,160746.945312
1696947227.120327,103.000000,104244.343750,160746.945312
1696947228.120547,103.000000,104244.343750,160746.945312
1696947229.120146,102.000000,104244.343750,160746.945312
1696947230.120373,104.000000,104244.343750,160746.945312
1696947231.120574,103.000000,104244.343750,160746.945312
1696947232.120525,102.000000,104244.343750,160746.945312
1696947233.120617,104.000000,104244.343750,160746.945312
1696947234.120449,103.000000,104244.343750,160746.945312
1696947235.120515,102.000000,104244.343750,160746.945312
1696947236.120470,103.000000,104244.343750,160746.945312
1696947237.120458,103.000000,104244.343750,160746.945312
1696947238.120431,102.000000,104244.343750,160746.945312
1696947239.120378,104.000000,104244.343750,160746.945312
1696947240.120391,102.000000,104244.343750,160746.945312
1696947241.120202,103.000000,104244.343750,160746.945312
1696947242.120289,104.000000,104244.437500,160746.945312
1696947243.120009,102.000000,104244.437500,160746.945312
1696947244.120685,103.000000,104244.437500,160746.945312
1696947245.120328,103.000000,104244.437500,160746.945312
1696947246.120435,103.000000,104244.460938,160746.945312
1696947247.120420,103.000000,104244.460938,160746.945312
1696947248.120477,102.000000,104244.460938,160746.945312
1696947249.120350,103.000000,104244.460938,160746.945312
1696947250.120483,104.000000,104244.460938,160746.945312
1696947251.120277,103.000000,104244.460938,160746.945312
1696947252.120224,102.000000,104244.460938,160746.945312
1696947253.120302,103.000000,104244.460938,160746.945312
1696947254.121236,103.000000,104244.460938,160746.945312
1696947255.120690,103.000000,104244.460938,160746.945312
1696947256.120404,103.000000,104244.460938,160746.945312
1696947257.120446,103.000000,104244.460938,160746.945312
1696947258.120155,102.000000,104244.460938,160746.945312
1696947259.120941,103.000000,104244.460938,160746.945312
1696947260.121029,104.000000,104244.460938,160746.945312
1696947261.120894,103.000000,104244.460938,160746.945312
1696947262.120915,103.000000,104244.460938,160746.945312
1696947263.122624,102.000000,104244.460938,160746.945312
1696947264.120750,104.000000,104244.460938,160746.945312
1696947265.120207,102.000000,104244.460938,160746.945312
1696947266.120642,103.000000,104244.460938,160746.945312
1696947267.120635,103.000000,104244.460938,160746.945312
1696947268.120432,103.000000,104244.460938,160746.945312
1696947269.120377,103.000000,104244.460938,160746.945312
1696947270.120732,103.000000,104244.460938,160746.945312
1696947271.120826,103.000000,104244.621094,160746.945312
1696947272.120612,103.000000,104244.621094,160746.945312
1696947273.121849,103.000000,104244.621094,160746.945312
1696947274.123043,102.000000,104244.621094,160746.945312
1696947275.120374,103.000000,104244.621094,160746.945312
1696947276.120838,104.000000,104244.621094,160746.945312
1696947277.120390,102.000000,104244.621094,160746.945312
1696947278.120424,103.000000,104244.621094,160746.945312
1696947279.120606,103.000000,104244.621094,160746.945312
1696947280.120696,103.000000,104244.621094,160746.945312
1696947281.120652,103.000000,104244.621094,160746.945312
1696947282.121033,103.000000,104244.621094,160746.945312
1696947283.120509,103.000000,104244.621094,160746.945312
1696947284.121147,103.000000,104244.621094,160746.945312
1696947285.120240,103.000000,104244.621094,160746.945312
1696947286.120190,103.000000,104244.621094,160746.945312
1696947287.120453,102.000000,104244.746094,160746.945312
1696947288.120415,103.000000,104244.746094,160746.945312
1696947289.120763,103.000000,104244.746094,160746.945312
1696947290.122401,103.000000,104244.746094,160746.945312
1696947291.119891,103.000000,104244.746094,160746.945312
1696947292.120783,103.000000,104244.746094,160746.945312
1696947293.120482,103.000000,104244.746094,160746.945312
1696947294.120477,102.000000,104244.746094,160746.945312
1696947295.117778,104.000000,104244.746094,160746.945312
1696947296.120473,102.000000,104244.746094,160746.945312
1696947297.120754,103.000000,104244.746094,160746.945312
1696947298.120459,103.000000,104244.953125,160746.945312
1696947299.120283,103.000000,104244.953125,160746.945312
1696947300.120660,103.000000,104244.953125,160746.945312
1696947301.120492,103.000000,104244.953125,160746.945312
1696947302.120442,102.000000,104245.011719,160746.945312
1696947303.120349,103.000000,104245.011719,160746.945312
1696947304.120713,104.000000,104245.011719,160746.945312
1696947305.120135,103.000000,104245.011719,160746.945312
1696947306.120485,102.000000,104245.011719,160746.945312
1696947307.120313,103.000000,104245.011719,160746.945312
1696947308.122262,103.000000,104245.011719,160746.945312
1696947309.120513,101.000000,104245.082031,160746.945312
1696947310.120474,103.000000,104245.281250,160746.945312
1696947311.120343,103.000000,104245.480469,160746.945312
1696947312.120658,103.000000,104245.480469,160746.945312
1696947313.120461,102.000000,104245.480469,160746.945312
1696947314.121069,103.000000,104245.480469,160746.945312
1696947315.120296,103.000000,104245.480469,160746.945312
1696947316.120576,103.000000,104245.480469,160746.945312
1696947317.120656,103.000000,104245.480469,160746.945312
1696947318.118072,103.000000,104245.480469,160746.945312
1696947319.120483,103.000000,104245.480469,160746.945312
1696947320.120342,102.000000,104245.480469,160746.945312
1696947321.120549,103.000000,104245.480469,160746.945312
1696947322.120378,104.000000,104245.480469,160746.945312
1696947323.120654,103.000000,104245.648438,160746.945312
1696947324.120290,102.000000,104245.656250,160746.945312
1696947325.120620,104.000000,104245.906250,160746.945312
1696947326.120460,102.000000,104245.906250,160746.945312
1696947327.120506,103.000000,104246.160156,160746.945312
1696947328.120588,103.000000,104246.160156,160746.945312
1696947329.120301,103.000000,104246.160156,160746.945312
1696947330.120343,103.000000,104246.160156,160746.945312
1696947331.120419,102.000000,104246.414062,160746.945312
1696947332.120428,104.000000,104246.765625,160746.945312
1696947333.120667,103.000000,104246.765625,160746.945312
1696947334.121546,103.000000,104246.765625,160746.945312
1696947335.120415,103.000000,104247.023438,160746.945312
1696947336.116931,102.000000,104247.023438,160746.945312
1696947337.120585,103.000000,104247.023438,160746.945312
1696947338.120183,103.000000,104247.296875,160746.945312
1696947339.120474,102.000000,104247.316406,160746.945312
1696947340.120449,103.000000,104229.738281,160716.152344
1696947341.116421,104.000000,104229.988281,160716.152344
1696947342.119369,103.000000,104212.367188,160685.359375
1696947343.119617,103.000000,104207.765625,160680.000000
1696947344.120074,104.000000,104194.996094,160654.566406
1696947345.119439,102.000000,104177.437500,160623.769531
1696947346.119348,103.000000,104177.437500,160623.769531
1696947347.119087,102.000000,104177.437500,160623.769531
1696947348.119241,104.000000,104177.437500,160623.769531
1696947349.119013,103.000000,104159.750000,160592.976562
1696947350.119041,102.000000,104159.750000,160592.976562
1696947351.118914,103.000000,104156.660156,160589.531250
1696947352.118749,103.000000,104142.167969,160562.187500
1696947353.118769,103.000000,104142.167969,160562.187500
1696947354.118973,102.000000,104142.167969,160562.187500
1696947355.118699,103.000000,104142.167969,160562.187500
1696947356.118916,103.000000,104142.167969,160562.187500
1696947357.118964,102.000000,104142.167969,160562.187500
1696947358.118855,104.000000,104142.167969,160562.187500
1696947358.300243,72.900000,102386.105469,158806.125000
