1696913060.604548,0.000000,544076.398438,603080.746094
1696913060.692446,83.700000,546253.351562,604241.066406
1696913061.671520,91.000000,549713.093750,607164.191406
1696913062.673107,104.000000,552139.351562,611438.164062
1696913063.662780,105.000000,543667.972656,600801.726562
1696913064.664541,78.000000,541748.257812,599003.894531
1696913065.653616,101.900000,544064.425781,600803.386719
1696913066.664028,103.100000,545521.503906,604350.765625
1696913067.655034,103.000000,559579.695312,618434.832031
1696913068.649131,93.000000,528548.820312,584867.007812
1696913069.666753,98.000000,530341.218750,587176.050781
1696913070.342970,99.300000,523659.843750,579586.347656
