1696911056.103379,0.000000,109994.132812,166793.753906
1696911056.177219,100.400000,108303.261719,164484.328125
1696911057.152985,96.000000,114116.847656,170973.835938
1696911058.195081,101.000000,111329.660156,168753.812500
1696911059.165484,104.000000,115762.089844,175084.566406
1696911060.224535,105.000000,125925.593750,186500.656250
1696911061.167423,107.000000,128837.039062,187113.003906
1696911062.159104,104.000000,129574.968750,189363.246094
1696911063.157684,104.000000,127789.804688,184988.722656
1696911063.573244,110.700000,115149.535156,171346.597656
