1696947536.259988,0.000000,102386.105469,158806.125000
1696947536.291506,85.800000,102386.105469,158806.125000
1696947537.289284,102.000000,104142.167969,160562.187500
1696947538.288937,102.000000,104142.167969,160562.187500
1696947539.289154,103.000000,104142.167969,160562.187500
1696947540.289030,102.000000,104142.167969,160562.187500
1696947541.289623,103.000000,104142.167969,160562.187500
1696947542.289467,103.000000,104142.167969,160562.187500
1696947543.289256,103.000000,104142.167969,160562.187500
1696947544.289641,103.000000,104142.167969,160562.187500
1696947545.289326,102.000000,104142.167969,160562.187500
1696947546.289258,104.000000,104142.167969,160562.187500
1696947547.289280,102.000000,104142.167969,160562.187500
1696947548.289059,102.000000,104142.167969,160562.187500
1696947549.289412,103.000000,104142.167969,160562.187500
1696947550.289109,103.000000,104142.167969,160562.187500
1696947551.289596,103.000000,104142.167969,160562.187500
1696947552.289136,102.000000,104142.167969,160562.187500
1696947553.288858,103.000000,104142.167969,160562.187500
1696947554.290013,103.000000,104142.167969,160562.187500
1696947555.289468,103.000000,104142.167969,160562.187500
1696947556.289825,103.000000,104142.167969,160562.187500
1696947557.289432,102.000000,104142.167969,160562.187500
1696947558.288965,103.000000,104142.167969,160562.187500
1696947559.289302,103.000000,104142.167969,160562.187500
1696947560.289959,102.000000,104142.167969,160562.187500
1696947561.289553,104.000000,104142.167969,160562.187500
1696947562.288934,102.000000,104142.167969,160562.187500
1696947563.289005,103.000000,104142.167969,160562.187500
1696947564.289052,102.000000,104142.167969,160562.187500
1696947565.289393,103.000000,104142.167969,160562.187500
1696947566.288997,103.000000,104142.167969,160562.187500
1696947567.289280,102.000000,104142.167969,160562.187500
1696947568.289745,103.000000,104142.167969,160562.187500
1696947569.289326,103.000000,104142.167969,160562.187500
1696947570.289211,103.000000,104142.167969,160562.187500
1696947571.289025,102.000000,104142.167969,160562.187500
1696947572.289433,103.000000,104142.167969,160562.187500
1696947573.289878,103.000000,104142.167969,160562.187500
1696947574.290576,103.000000,104142.167969,160562.187500
1696947575.288874,98.000000,104142.167969,160562.187500
1696947576.288975,103.000000,104142.167969,160562.187500
1696947577.289129,102.000000,104142.167969,160562.187500
1696947578.289387,103.000000,104142.167969,160562.187500
1696947579.289163,103.000000,104142.167969,160562.187500
1696947580.289389,102.000000,104142.167969,160562.187500
1696947581.289138,104.000000,104142.167969,160562.187500
1696947582.289081,103.000000,104142.167969,160562.187500
1696947583.289119,101.000000,104142.167969,160562.187500
1696947584.289702,104.000000,104142.167969,160562.187500
1696947585.289334,102.000000,104142.167969,160562.187500
1696947586.289418,103.000000,104142.167969,160562.187500
1696947587.289074,103.000000,104142.167969,160562.187500
1696947588.289367,103.000000,104142.167969,160562.187500
1696947589.289213,102.000000,104142.167969,160562.187500
1696947590.289373,103.000000,104142.167969,160562.187500
1696947591.289258,103.000000,104142.167969,160562.187500
1696947592.290358,102.000000,104142.167969,160562.187500
1696947593.289057,103.000000,104142.167969,160562.187500
1696947594.289422,103.000000,104142.167969,160562.187500
1696947595.289290,103.000000,104142.167969,160562.187500
1696947596.289284,102.000000,104142.167969,160562.187500
1696947597.289447,104.000000,104142.167969,160562.187500
1696947598.289247,102.000000,104142.167969,160562.187500
1696947599.289730,103.000000,104142.167969,160562.187500
1696947600.289319,102.000000,104142.167969,160562.187500
1696947601.289214,104.000000,104142.167969,160562.187500
1696947602.289260,102.000000,104142.167969,160562.187500
1696947603.289305,103.000000,104142.167969,160562.187500
1696947604.290126,102.000000,104142.167969,160562.187500
1696947605.289164,103.000000,104142.167969,160562.187500
1696947606.285998,103.000000,104142.167969,160562.187500
1696947607.289404,102.000000,104142.167969,160562.187500
1696947608.289499,103.000000,104142.167969,160562.187500
1696947609.289033,103.000000,104142.167969,160562.187500
1696947610.289271,103.000000,104142.167969,160562.187500
1696947611.288997,102.000000,104142.167969,160562.187500
1696947612.289246,103.000000,104142.167969,160562.187500
1696947613.289456,102.000000,104142.167969,160562.187500
1696947614.289883,103.000000,104142.167969,160562.187500
1696947615.288971,104.000000,104142.167969,160562.187500
1696947616.289286,102.000000,104142.167969,160562.187500
1696947617.289506,103.000000,104142.167969,160562.187500
1696947618.289088,102.000000,104142.167969,160562.187500
1696947619.289245,103.000000,104142.167969,160562.187500
1696947620.289441,103.000000,104142.167969,160562.187500
1696947621.293525,102.500000,104142.167969,160562.187500
1696947622.289080,103.500000,104142.167969,160562.187500
1696947623.289275,102.000000,104142.167969,160562.187500
1696947624.289093,104.000000,104142.167969,160562.187500
1696947625.289839,102.000000,104142.167969,160562.187500
1696947626.289145,103.000000,104142.167969,160562.187500
1696947627.289143,103.000000,104142.167969,160562.187500
1696947628.288904,102.000000,104142.167969,160562.187500
1696947629.289381,103.000000,104142.167969,160562.187500
1696947630.289119,102.000000,104142.167969,160562.187500
1696947631.288835,103.000000,104142.167969,160562.187500
1696947632.289339,104.000000,104142.167969,160562.187500
1696947633.290105,102.000000,104142.167969,160562.187500
1696947634.289206,103.000000,104142.167969,160562.187500
1696947635.289279,103.000000,104142.167969,160562.187500
1696947636.289083,102.000000,104142.167969,160562.187500
1696947637.289278,103.000000,104142.167969,160562.187500
1696947638.289234,103.000000,104142.167969,160562.187500
1696947639.289150,103.000000,104142.167969,160562.187500
1696947640.289776,102.000000,104142.167969,160562.187500
1696947641.289099,103.000000,104142.167969,160562.187500
1696947642.289951,103.000000,104142.167969,160562.187500
1696947643.289167,103.000000,104142.167969,160562.187500
1696947644.289806,102.000000,104142.167969,160562.187500
1696947645.288852,103.000000,104142.167969,160562.187500
1696947646.288749,103.000000,104142.167969,160562.187500
1696947647.291590,102.000000,104142.167969,160562.187500
1696947648.290719,104.000000,104142.167969,160562.187500
1696947649.288791,102.000000,104142.167969,160562.187500
1696947650.290509,103.000000,104142.167969,160562.187500
1696947651.289451,103.000000,104142.167969,160562.187500
1696947652.288827,102.000000,104142.167969,160562.187500
1696947653.288954,103.000000,104142.167969,160562.187500
1696947654.289262,103.000000,104142.167969,160562.187500
1696947655.289313,102.000000,104142.167969,160562.187500
1696947656.289060,104.000000,104142.167969,160562.187500
1696947657.289014,102.000000,104142.167969,160562.187500
1696947658.289110,102.000000,104142.167969,160562.187500
1696947659.289318,104.000000,104142.167969,160562.187500
1696947660.289180,103.000000,104142.167969,160562.187500
1696947661.289215,102.000000,104142.167969,160562.187500
1696947662.286678,103.000000,104142.167969,160562.187500
1696947663.289585,102.000000,104142.167969,160562.187500
1696947664.288906,103.000000,104142.167969,160562.187500
1696947665.288949,103.000000,104142.167969,160562.187500
1696947666.289068,103.000000,104142.167969,160562.187500
1696947667.290132,102.000000,104142.167969,160562.187500
1696947668.288984,103.000000,104142.167969,160562.187500
1696947669.289119,103.000000,104142.167969,160562.187500
1696947670.289145,102.000000,104142.167969,160562.187500
1696947671.289150,103.000000,104142.167969,160562.187500
1696947672.289110,102.000000,104142.167969,160562.187500
1696947673.289568,104.000000,104142.167969,160562.187500
1696947674.290829,102.000000,104142.167969,160562.187500
1696947675.289168,103.000000,104142.167969,160562.187500
1696947676.288945,103.000000,104142.167969,160562.187500
1696947677.288797,103.000000,104142.167969,160562.187500
1696947678.288785,102.000000,104142.167969,160562.187500
1696947679.288672,103.000000,104142.167969,160562.187500
1696947680.289062,102.000000,104142.167969,160562.187500
1696947681.292273,104.000000,104142.167969,160562.187500
1696947682.291810,102.000000,104142.167969,160562.187500
1696947683.291300,103.000000,104142.167969,160562.187500
1696947684.289854,103.000000,104142.167969,160562.187500
1696947684.338907,65.300000,102386.105469,158806.125000
