1696946714.009367,0.000000,134905.472656,198309.691406
1696946714.046452,103.100000,134915.839844,198316.882812
1696946715.043617,101.900000,134546.472656,198187.386719
1696946716.038584,104.000000,131138.343750,198248.144531
1696946717.040677,103.000000,132112.738281,199300.066406
1696946718.041075,103.000000,130344.718750,197196.746094
1696946719.038548,102.000000,130215.335938,196598.484375
1696946720.038835,103.000000,130626.066406,197176.167969
1696946721.040270,103.000000,131191.699219,197419.136719
1696946722.038679,103.000000,131500.707031,199350.820312
1696946723.038894,103.000000,131682.757812,199001.527344
1696946724.038676,103.000000,131956.402344,199330.316406
1696946725.039243,102.000000,132279.625000,199162.628906
1696946726.040725,103.000000,133024.246094,201493.304688
1696946727.039219,103.000000,133511.839844,201099.273438
1696946728.040120,103.000000,133668.980469,202726.738281
1696946729.039477,103.000000,134263.253906,202844.628906
1696946730.038312,102.000000,134365.230469,202179.367188
1696946731.038764,104.000000,135554.007812,203018.753906
1696946732.039376,102.000000,134382.382812,201690.769531
1696946733.039943,104.000000,132698.144531,199342.488281
1696946734.038953,102.000000,132845.875000,198972.238281
1696946735.041163,103.000000,130762.460938,196658.968750
1696946736.038232,103.000000,131742.289062,197538.640625
1696946737.038978,103.000000,132169.632812,197466.375000
1696946738.038473,103.000000,132147.417969,196363.085938
1696946739.041396,103.000000,132776.566406,196861.890625
1696946740.042443,102.000000,133143.996094,197357.890625
1696946741.039720,104.000000,133406.546875,197296.101562
1696946742.044995,102.000000,133563.652344,196979.902344
1696946743.051491,104.000000,133614.082031,196354.804688
1696946744.041682,104.000000,133970.972656,196887.535156
1696946745.038795,103.000000,134189.007812,196897.718750
1696946746.037241,103.000000,133823.304688,196436.183594
1696946747.040709,102.000000,134444.777344,196743.156250
1696946748.039885,104.000000,134433.187500,196793.308594
1696946749.038478,102.000000,134719.742188,196725.750000
1696946750.040055,103.000000,134175.835938,196117.031250
1696946751.039014,96.000000,134491.578125,196497.718750
1696946752.039447,102.000000,135135.011719,197517.972656
1696946753.038489,103.000000,134641.750000,197582.929688
1696946754.038978,104.000000,134621.945312,196548.000000
1696946755.038197,102.000000,134245.867188,196360.660156
1696946756.038363,103.000000,132519.078125,194533.144531
1696946757.038985,102.000000,132623.683594,194889.667969
1696946758.038244,104.000000,132340.894531,194646.445312
1696946759.039140,103.000000,132747.621094,194747.027344
1696946760.037591,102.000000,132094.972656,194044.703125
1696946761.039555,103.000000,130954.082031,193298.898438
1696946762.038143,104.000000,131080.867188,193772.093750
1696946763.039018,102.000000,130709.949219,192880.050781
1696946764.039963,103.000000,128815.406250,191304.445312
1696946765.037328,103.000000,128605.453125,190662.335938
1696946766.036898,102.000000,128407.691406,190675.562500
1696946767.039341,103.000000,128052.113281,190462.671875
1696946768.036269,103.000000,128066.605469,189971.992188
1696946769.037391,103.000000,126057.636719,188030.804688
1696946770.038423,102.000000,126379.457031,188538.488281
1696946771.037769,103.000000,124395.593750,186483.507812
1696946772.036794,103.000000,123720.714844,185944.007812
1696946773.037843,103.000000,124428.527344,186539.179688
1696946774.037996,102.000000,122213.308594,184226.113281
1696946775.038165,103.000000,122258.394531,184580.472656
1696946776.038967,103.000000,122450.292969,184459.058594
1696946777.038262,102.000000,122175.601562,184422.890625
1696946778.038507,103.000000,122019.886719,184431.378906
1696946779.037345,102.000000,122198.042969,184296.980469
1696946780.035472,104.000000,121890.980469,184068.714844
1696946781.037694,102.000000,122133.625000,184258.191406
1696946782.037725,102.000000,121998.406250,184113.261719
1696946783.038680,104.000000,122143.183594,184219.417969
1696946784.037765,102.000000,122467.882812,185054.238281
1696946785.040970,103.000000,122292.457031,184434.765625
1696946786.037913,102.000000,122191.113281,184451.101562
1696946787.039656,103.000000,122071.660156,184034.679688
1696946788.037716,104.000000,122058.972656,184245.062500
1696946789.039016,102.000000,122105.800781,184719.062500
1696946790.037501,103.000000,122215.421875,184293.128906
1696946791.037611,102.000000,122259.253906,184218.511719
1696946792.036633,104.000000,121872.421875,183742.234375
1696946793.037421,102.000000,122203.929688,184550.542969
1696946794.040628,103.000000,121843.492188,183711.941406
1696946795.037976,102.000000,121879.027344,183966.945312
1696946796.040489,103.000000,122221.203125,184288.460938
1696946797.037629,103.000000,122216.890625,184361.972656
1696946798.053658,102.000000,121924.980469,183858.214844
1696946799.037555,106.000000,122362.207031,184594.683594
1696946800.038397,102.000000,121884.195312,184262.148438
1696946801.037670,103.000000,121585.066406,183379.906250
1696946802.037281,102.000000,122289.398438,184537.980469
1696946803.037097,103.000000,122208.011719,184211.140625
1696946804.035740,103.000000,121852.382812,183936.808594
1696946805.036546,102.000000,122321.789062,184503.730469
1696946806.036222,102.000000,122054.886719,184280.128906
1696946807.037051,104.000000,122540.890625,185271.503906
1696946808.036421,102.000000,122301.761719,184471.800781
1696946809.036066,102.000000,121938.621094,183714.539062
1696946810.037585,103.000000,122678.000000,184936.507812
1696946811.037290,103.000000,121776.128906,183950.367188
1696946812.036913,102.000000,122145.449219,184409.988281
1696946813.038625,102.000000,122429.992188,184410.703125
1696946814.038023,103.000000,122151.351562,184230.125000
1696946815.037580,103.000000,122166.898438,184404.109375
1696946816.036187,102.000000,121598.035156,183427.664062
1696946817.036811,104.000000,121952.265625,184389.089844
1696946818.036780,102.000000,122100.695312,184050.656250
1696946819.036770,103.000000,122208.312500,184241.304688
1696946820.039749,102.000000,122244.273438,184418.761719
1696946821.036234,103.000000,121665.382812,183719.714844
1696946822.037022,103.000000,122349.730469,185098.750000
1696946823.038394,102.000000,122305.203125,184384.320312
1696946824.040575,103.000000,122391.441406,184749.734375
1696946825.038118,103.000000,122118.449219,184121.195312
1696946826.039284,103.000000,121628.039062,183568.816406
1696946827.036891,102.000000,122229.621094,184576.328125
1696946828.036169,103.000000,122427.203125,184550.550781
1696946829.038142,103.000000,122144.277344,184457.183594
1696946830.035609,102.000000,121918.492188,183937.468750
1696946831.035854,103.000000,121815.023438,183582.046875
1696946832.038394,102.000000,122201.386719,184056.035156
1696946833.037521,104.000000,122404.484375,184443.714844
1696946834.036779,102.000000,122389.468750,184527.468750
1696946835.037418,102.000000,122088.523438,184106.964844
1696946836.035051,103.000000,122031.437500,184100.925781
1696946837.046252,103.000000,121866.695312,183877.273438
1696946838.045730,103.000000,122108.804688,183954.367188
1696946839.036067,103.000000,122252.269531,184464.355469
1696946840.048779,103.000000,121499.785156,183285.250000
1696946841.047978,104.000000,122298.796875,184759.609375
1696946842.039909,104.000000,121964.621094,183832.953125
1696946843.037379,102.000000,122419.550781,184568.890625
1696946844.038804,103.000000,122061.933594,184234.980469
1696946845.036739,103.000000,121741.468750,183723.894531
1696946846.037373,102.000000,122441.574219,184942.097656
1696946847.037869,103.000000,122141.359375,184286.296875
1696946848.046884,103.000000,122203.945312,184508.492188
1696946849.045492,103.000000,122303.808594,184873.101562
1696946850.046055,104.000000,122249.738281,184402.671875
1696946851.047721,103.000000,121550.625000,183373.273438
1696946852.045489,104.000000,122513.921875,184568.796875
1696946853.047800,104.000000,121805.695312,183910.296875
1696946854.038007,103.000000,122281.871094,184564.636719
1696946855.038171,103.000000,122239.972656,184404.054688
1696946856.037239,102.000000,121833.273438,183866.851562
1696946857.040380,103.000000,122264.972656,184768.257812
1696946858.037912,103.000000,121923.593750,184065.460938
1696946859.037623,103.000000,122144.988281,184289.769531
1696946860.037721,103.000000,122203.152344,184212.984375
1696946861.038705,102.000000,122185.804688,184458.421875
1696946862.038618,103.000000,122165.691406,184444.746094
1696946863.036471,103.000000,122141.000000,184399.945312
1696946864.037229,103.000000,121874.984375,183766.726562
1696946865.036272,102.000000,122010.089844,183918.695312
1696946866.036801,103.000000,122011.679688,184204.554688
1696946867.037088,102.000000,122172.828125,184396.917969
1696946868.039752,103.000000,122136.742188,184356.675781
1696946869.039832,103.000000,122417.464844,184726.941406
1696946870.037293,103.000000,122311.660156,184596.300781
1696946871.038058,102.000000,122087.289062,184192.878906
1696946872.037398,103.000000,122003.984375,184069.898438
1696946873.037045,103.000000,122162.625000,184618.000000
1696946874.035470,102.000000,122277.742188,184576.359375
1696946875.035620,103.000000,122137.042969,184434.906250
1696946876.040213,102.000000,122274.238281,184406.625000
1696946877.047122,98.000000,122007.894531,183969.855469
1696946877.068840,110.300000,120259.375000,182213.777344
