1696949829.219004,0.000000,119559.660156,180786.191406
1696949829.254591,123.500000,119559.660156,180786.191406
1696949830.251026,102.000000,121315.699219,182542.253906
1696949831.246152,103.000000,121315.699219,182542.253906
1696949832.251885,102.000000,121315.699219,182542.253906
1696949833.245837,104.000000,121315.699219,182542.253906
1696949834.250591,102.000000,121315.699219,182542.253906
1696949835.250825,103.000000,121315.699219,182542.253906
1696949836.250485,103.000000,121315.699219,182542.253906
1696949837.251025,103.000000,121315.750000,182542.253906
1696949838.250530,103.000000,121315.750000,182542.253906
1696949839.250603,103.000000,121315.933594,182542.253906
1696949840.250715,103.000000,121315.933594,182542.253906
1696949841.251545,103.000000,121315.933594,182542.253906
1696949842.250917,103.000000,121315.933594,182542.253906
1696949843.250260,103.000000,121315.933594,182542.253906
1696949844.250717,103.000000,121315.933594,182542.253906
1696949845.250795,103.000000,121315.933594,182542.253906
1696949846.244142,103.000000,121315.933594,182542.253906
1696949847.251016,102.000000,121315.933594,182542.253906
1696949848.251106,104.000000,121315.933594,182542.253906
1696949849.250575,102.000000,121315.933594,182542.253906
1696949850.250697,103.000000,121315.933594,182542.253906
1696949851.250952,104.000000,121317.957031,182542.253906
1696949852.250745,102.000000,121317.957031,182542.253906
1696949853.251135,104.000000,121317.957031,182542.253906
1696949854.250961,103.000000,121317.957031,182542.253906
1696949855.252534,102.000000,121317.957031,182542.253906
1696949856.250643,103.000000,121317.957031,182542.253906
1696949857.250725,103.000000,121317.957031,182542.253906
1696949858.250371,103.000000,121317.957031,182542.253906
1696949859.250838,104.000000,121317.957031,182542.253906
1696949860.252484,102.000000,121317.957031,182542.253906
1696949861.250869,104.000000,121317.957031,182542.253906
1696949862.250555,102.000000,121318.156250,182542.253906
1696949863.250768,104.000000,121318.156250,182542.253906
1696949864.250653,103.000000,121318.156250,182542.253906
1696949865.250540,102.000000,121318.156250,182542.253906
1696949866.250745,104.000000,121318.156250,182542.253906
1696949867.250842,103.000000,121318.156250,182542.253906
1696949868.252163,102.000000,121318.156250,182542.253906
1696949869.250718,104.000000,121318.156250,182542.253906
1696949870.250674,103.000000,121318.261719,182542.253906
1696949871.250596,102.000000,121318.261719,182542.253906
1696949872.250241,103.000000,121318.261719,182542.253906
1696949873.251083,104.000000,121318.261719,182542.253906
1696949874.250485,103.000000,121318.261719,182542.253906
1696949875.250574,102.000000,121318.328125,182542.253906
1696949876.250881,103.000000,121318.328125,182542.253906
1696949877.251133,104.000000,121318.328125,182542.253906
1696949878.250786,102.000000,121318.328125,182542.253906
1696949879.251870,104.000000,121318.328125,182542.253906
1696949880.250885,103.000000,121318.328125,182542.253906
1696949881.251074,103.000000,121318.328125,182542.253906
1696949882.250708,103.000000,121318.382812,182542.253906
1696949883.251200,103.000000,121318.382812,182542.253906
1696949884.250610,102.000000,121318.382812,182542.253906
1696949885.250854,104.000000,121318.382812,182542.253906
1696949886.250953,103.000000,121318.382812,182542.253906
1696949887.250592,103.000000,121318.382812,182542.253906
1696949888.250795,103.000000,121318.382812,182542.253906
1696949889.249965,102.000000,121318.640625,182542.253906
1696949890.250558,104.000000,121318.640625,182542.253906
1696949891.252239,103.000000,121318.640625,182542.253906
1696949892.250622,103.000000,121318.640625,182542.253906
1696949893.250848,102.000000,121318.640625,182542.253906
1696949894.250699,103.000000,121318.640625,182542.253906
1696949895.250131,104.000000,121318.640625,182542.253906
1696949896.252399,103.000000,121318.640625,182542.253906
1696949897.250716,102.000000,121318.640625,182542.253906
1696949898.250560,104.000000,121318.640625,182542.253906
1696949899.250660,103.000000,121318.890625,182542.253906
1696949900.250646,103.000000,121318.890625,182542.253906
1696949901.252091,103.000000,121301.156250,182511.460938
1696949902.250548,104.000000,121301.156250,182511.460938
1696949903.250601,102.000000,121301.156250,182511.460938
1696949904.250232,103.000000,121301.156250,182511.460938
1696949905.250338,103.000000,121301.156250,182511.460938
1696949906.251506,103.000000,121301.156250,182511.460938
1696949907.250587,103.000000,121301.156250,182511.460938
1696949908.246648,103.000000,121301.156250,182511.460938
1696949909.250645,103.000000,121301.156250,182511.460938
1696949910.250934,103.000000,121301.156250,182511.460938
1696949911.247451,103.000000,121301.156250,182511.460938
1696949912.250629,102.000000,121301.156250,182511.460938
1696949913.251205,104.000000,121301.156250,182511.460938
1696949914.250568,103.000000,121301.156250,182511.460938
1696949915.250743,102.000000,121301.156250,182511.460938
1696949916.252263,104.000000,121301.156250,182511.460938
1696949917.250798,102.000000,121301.156250,182511.460938
1696949918.251266,103.000000,121301.156250,182511.460938
1696949919.250114,104.000000,121301.156250,182511.460938
1696949920.250618,102.000000,121301.156250,182511.460938
1696949921.252202,104.000000,121301.156250,182511.460938
1696949922.250765,103.000000,121301.156250,182511.460938
1696949923.250565,102.000000,121301.156250,182511.460938
1696949924.250675,103.000000,121301.156250,182511.460938
1696949925.250911,104.000000,121301.156250,182511.460938
1696949926.250983,102.000000,121301.156250,182511.460938
1696949927.251165,104.000000,121301.156250,182511.460938
1696949928.250572,102.000000,121301.156250,182511.460938
1696949929.250686,103.000000,121301.156250,182511.460938
1696949930.251338,104.000000,121301.156250,182511.460938
1696949931.250888,103.000000,121301.156250,182511.460938
1696949932.251121,103.000000,121301.156250,182511.460938
1696949933.251009,102.000000,121301.156250,182511.460938
1696949934.250969,104.000000,121301.156250,182511.460938
1696949935.251489,102.000000,121301.156250,182511.460938
1696949936.252082,104.000000,121301.156250,182511.460938
1696949937.251438,103.000000,121301.156250,182511.460938
1696949938.256306,103.600000,121301.156250,182511.460938
1696949939.250170,102.400000,121301.156250,182511.460938
1696949940.251370,104.000000,121301.156250,182511.460938
1696949941.250654,103.000000,121301.156250,182511.460938
1696949942.251055,102.000000,121301.156250,182511.460938
1696949943.251056,104.000000,121301.156250,182511.460938
1696949944.250415,102.000000,121301.156250,182511.460938
1696949945.253624,104.000000,121301.156250,182511.460938
1696949946.250835,103.000000,121301.156250,182511.460938
1696949947.251304,102.000000,121301.156250,182511.460938
1696949948.251035,104.000000,121301.156250,182511.460938
1696949949.251175,103.000000,121301.156250,182511.460938
1696949950.250882,103.000000,121301.156250,182511.460938
1696949951.250366,103.000000,121283.375000,182480.667969
1696949952.252554,103.000000,121283.375000,182480.667969
1696949953.246947,103.000000,121283.375000,182480.667969
1696949954.250449,102.000000,121283.375000,182480.667969
1696949955.250126,103.000000,121283.375000,182480.667969
1696949956.250537,103.000000,121283.375000,182480.667969
1696949957.252377,104.000000,121283.375000,182480.667969
1696949958.250265,103.000000,121283.375000,182480.667969
1696949959.250348,102.000000,121283.375000,182480.667969
1696949960.250336,103.000000,121283.375000,182480.667969
1696949961.250421,103.000000,121283.375000,182480.667969
1696949962.254311,104.600000,121283.375000,182480.667969
1696949963.250348,102.400000,121283.375000,182480.667969
1696949964.250258,103.000000,121283.375000,182480.667969
1696949965.250447,103.000000,121283.375000,182480.667969
1696949966.250430,102.000000,121283.375000,182480.667969
1696949967.250670,104.000000,121283.375000,182480.667969
1696949968.250357,103.000000,121283.375000,182480.667969
1696949969.251848,102.000000,121283.375000,182480.667969
1696949970.250036,103.000000,121283.375000,182480.667969
1696949971.250136,104.000000,121283.375000,182480.667969
1696949972.250558,103.000000,121283.375000,182480.667969
1696949973.250578,102.000000,121283.375000,182480.667969
1696949974.250807,103.000000,121283.375000,182480.667969
1696949975.250400,104.000000,121283.375000,182480.667969
1696949976.250273,102.000000,121283.375000,182480.667969
1696949976.840427,99.900000,119527.312500,180724.605469
