1696947695.999417,0.000000,102389.988281,158806.125000
1696947696.032064,129.300000,102389.988281,158806.125000
1696947697.028353,101.000000,104146.050781,160562.187500
1696947698.028491,103.000000,104146.050781,160562.187500
1696947699.028433,102.000000,104146.050781,160562.187500
1696947700.028695,103.000000,104146.050781,160562.187500
1696947701.028449,103.000000,104146.050781,160562.187500
1696947702.028239,102.000000,104146.050781,160562.187500
1696947703.029360,104.000000,104146.050781,160562.187500
1696947704.029711,102.000000,104146.050781,160562.187500
1696947705.028410,103.000000,104147.898438,160562.187500
1696947706.028706,103.000000,104147.898438,160562.187500
1696947707.028320,102.000000,104147.898438,160562.187500
1696947708.028495,104.000000,104147.898438,160562.187500
1696947709.028540,102.000000,104147.898438,160562.187500
1696947710.028639,103.000000,104147.898438,160562.187500
1696947711.028593,103.000000,104147.898438,160562.187500
1696947712.028539,103.000000,104147.898438,160562.187500
1696947713.028576,102.000000,104147.898438,160562.187500
1696947714.028348,102.000000,104147.898438,160562.187500
1696947715.028448,104.000000,104147.898438,160562.187500
1696947716.028401,102.000000,104147.898438,160562.187500
1696947717.028820,103.000000,104147.898438,160562.187500
1696947718.028420,102.000000,104147.898438,160562.187500
1696947719.028363,103.000000,104147.898438,160562.187500
1696947720.028671,103.000000,104147.898438,160562.187500
1696947721.028533,103.000000,104147.898438,160562.187500
1696947722.028284,103.000000,104147.898438,160562.187500
1696947723.028241,102.000000,104147.898438,160562.187500
1696947724.028638,103.000000,104147.898438,160562.187500
1696947725.028682,102.000000,104147.898438,160562.187500
1696947726.028419,103.000000,104147.898438,160562.187500
1696947727.028661,103.000000,104147.898438,160562.187500
1696947728.028991,102.000000,104147.898438,160562.187500
1696947729.028209,104.000000,104147.898438,160562.187500
1696947730.028495,103.000000,104147.898438,160562.187500
1696947731.026099,102.000000,104147.898438,160562.187500
1696947732.028470,103.000000,104147.898438,160562.187500
1696947733.028389,102.000000,104147.898438,160562.187500
1696947734.029021,103.000000,104147.898438,160562.187500
1696947735.028397,103.000000,104147.960938,160562.187500
1696947736.028670,103.000000,104147.960938,160562.187500
1696947737.028484,102.000000,104147.960938,160562.187500
1696947738.028301,103.000000,104147.960938,160562.187500
1696947739.028332,103.000000,104147.960938,160562.187500
1696947740.025082,102.000000,104147.960938,160562.187500
1696947741.028548,102.000000,104147.960938,160562.187500
1696947742.028669,103.000000,104147.960938,160562.187500
1696947743.022247,103.000000,104147.960938,160562.187500
1696947744.028409,102.000000,104147.960938,160562.187500
1696947745.028487,103.000000,104147.960938,160562.187500
1696947746.028441,102.000000,104147.960938,160562.187500
1696947747.028235,103.000000,104147.960938,160562.187500
1696947748.028805,103.000000,104147.960938,160562.187500
1696947749.029024,103.000000,104147.960938,160562.187500
1696947750.028520,102.000000,104147.960938,160562.187500
1696947751.028711,104.000000,104147.960938,160562.187500
1696947752.028500,102.000000,104147.960938,160562.187500
1696947753.028674,103.000000,104147.960938,160562.187500
1696947754.029600,103.000000,104147.960938,160562.187500
1696947755.028505,102.000000,104147.960938,160562.187500
1696947756.028515,104.000000,104147.960938,160562.187500
1696947757.028264,102.000000,104147.960938,160562.187500
1696947758.028411,103.000000,104147.960938,160562.187500
1696947759.028540,103.000000,104147.960938,160562.187500
1696947760.029196,102.000000,104147.960938,160562.187500
1696947761.028571,103.000000,104147.960938,160562.187500
1696947762.028475,102.000000,104147.960938,160562.187500
1696947763.028362,104.000000,104147.960938,160562.187500
1696947764.029555,102.000000,104147.960938,160562.187500
1696947765.026646,103.000000,104148.054688,160562.187500
1696947766.028641,102.000000,104148.054688,160562.187500
1696947767.028769,103.000000,104148.054688,160562.187500
1696947768.028947,102.000000,104148.054688,160562.187500
1696947769.028697,104.000000,104148.054688,160562.187500
1696947770.028523,102.000000,104148.054688,160562.187500
1696947771.029217,103.000000,104148.054688,160562.187500
1696947772.028724,103.000000,104148.054688,160562.187500
1696947773.028929,102.000000,104148.054688,160562.187500
1696947774.028767,103.000000,104148.054688,160562.187500
1696947775.028797,103.000000,104148.058594,160562.187500
1696947776.030634,103.000000,104148.058594,160562.187500
1696947777.028291,102.000000,104148.058594,160562.187500
1696947778.029350,104.000000,104148.058594,160562.187500
1696947779.028517,103.000000,104148.058594,160562.187500
1696947780.028358,102.000000,104148.058594,160562.187500
1696947781.028959,103.000000,104148.058594,160562.187500
1696947782.028286,103.000000,104148.058594,160562.187500
1696947783.028872,103.000000,104148.058594,160562.187500
1696947784.028675,102.000000,104148.058594,160562.187500
1696947785.028243,103.000000,104148.058594,160562.187500
1696947786.028444,103.000000,104148.058594,160562.187500
1696947787.028849,102.000000,104148.058594,160562.187500
1696947788.028575,103.000000,104148.058594,160562.187500
1696947789.030622,103.000000,104148.058594,160562.187500
1696947790.028460,102.000000,104148.058594,160562.187500
1696947791.026796,103.000000,104148.058594,160562.187500
1696947792.028793,102.000000,104148.058594,160562.187500
1696947793.028881,103.000000,104148.058594,160562.187500
1696947794.029656,103.000000,104148.058594,160562.187500
1696947795.028584,103.000000,104148.058594,160562.187500
1696947796.028733,103.000000,104148.058594,160562.187500
1696947797.028962,103.000000,104148.058594,160562.187500
1696947798.028556,102.000000,104148.058594,160562.187500
1696947799.028725,102.000000,104148.058594,160562.187500
1696947800.028469,103.000000,104148.058594,160562.187500
1696947801.028764,103.000000,104148.058594,160562.187500
1696947802.028843,104.000000,104148.058594,160562.187500
1696947803.028591,102.000000,104148.058594,160562.187500
1696947804.029014,103.000000,104148.058594,160562.187500
1696947805.029220,102.000000,104148.058594,160562.187500
1696947806.025902,104.000000,104148.058594,160562.187500
1696947807.028603,102.000000,104148.058594,160562.187500
1696947808.028519,102.000000,104148.058594,160562.187500
1696947809.028783,103.000000,104148.058594,160562.187500
1696947810.028628,103.000000,104148.058594,160562.187500
1696947811.028947,103.000000,104148.058594,160562.187500
1696947812.028978,102.000000,104148.058594,160562.187500
1696947813.028723,103.000000,104148.058594,160562.187500
1696947814.030679,103.000000,104148.058594,160562.187500
1696947815.028681,102.000000,104148.058594,160562.187500
1696947816.028974,103.900000,104148.058594,160562.187500
1696947817.028687,102.100000,104148.058594,160562.187500
1696947818.028625,103.000000,104148.058594,160562.187500
1696947819.029610,102.900000,104148.058594,160562.187500
1696947820.028561,103.100000,104148.058594,160562.187500
1696947821.030560,102.000000,104148.058594,160562.187500
1696947822.028800,103.000000,104148.058594,160562.187500
1696947823.030318,102.000000,104148.058594,160562.187500
1696947824.029274,104.000000,104148.058594,160562.187500
1696947825.028262,103.000000,104148.058594,160562.187500
1696947826.028559,102.000000,104148.058594,160562.187500
1696947827.028754,103.000000,104148.058594,160562.187500
1696947828.028437,102.000000,104148.058594,160562.187500
1696947829.028576,104.000000,104148.058594,160562.187500
1696947830.029102,102.000000,104148.058594,160562.187500
1696947831.028547,103.000000,104148.058594,160562.187500
1696947832.028387,103.000000,104148.058594,160562.187500
1696947833.028527,102.000000,104148.058594,160562.187500
1696947834.025581,103.000000,104148.058594,160562.187500
1696947835.028917,102.000000,104148.058594,160562.187500
1696947836.028365,103.000000,104148.058594,160562.187500
1696947837.029126,103.000000,104148.058594,160562.187500
1696947838.028525,102.000000,104148.058594,160562.187500
1696947839.028752,103.000000,104148.058594,160562.187500
1696947840.028929,103.000000,104148.058594,160562.187500
1696947841.028340,103.000000,104148.058594,160562.187500
1696947842.028554,103.000000,104148.058594,160562.187500
1696947843.028831,102.000000,104148.058594,160562.187500
1696947844.028347,103.000000,104148.058594,160562.187500
1696947844.844492,94.400000,102391.996094,158806.125000
