1696947856.987819,0.000000,102391.996094,158806.125000
1696947857.021785,90.200000,102391.996094,158806.125000
1696947858.016751,101.000000,104148.058594,160562.187500
1696947859.016728,104.000000,104148.058594,160562.187500
1696947860.016903,102.000000,104148.058594,160562.187500
1696947861.016694,102.000000,104148.058594,160562.187500
1696947862.016608,103.000000,104148.058594,160562.187500
1696947863.016592,103.000000,104148.058594,160562.187500
1696947864.017594,103.000000,104148.058594,160562.187500
1696947865.017259,102.000000,104148.058594,160562.187500
1696947866.016682,103.000000,104148.058594,160562.187500
1696947867.016744,102.000000,104148.058594,160562.187500
1696947868.016618,103.000000,104148.058594,160562.187500
1696947869.013548,103.000000,104148.058594,160562.187500
1696947870.016676,102.000000,104148.058594,160562.187500
1696947871.016725,102.000000,104148.058594,160562.187500
1696947872.016726,104.000000,104148.058594,160562.187500
1696947873.017298,102.000000,104148.058594,160562.187500
1696947874.017764,103.000000,104148.058594,160562.187500
1696947875.016406,103.000000,104148.058594,160562.187500
1696947876.017145,102.000000,104148.058594,160562.187500
1696947877.016789,104.000000,104148.058594,160562.187500
1696947878.016638,102.000000,104148.058594,160562.187500
1696947879.017262,103.000000,104148.058594,160562.187500
1696947880.017186,103.000000,104148.058594,160562.187500
1696947881.016505,102.000000,104148.058594,160562.187500
1696947882.016664,103.000000,104148.058594,160562.187500
1696947883.016731,102.000000,104148.058594,160562.187500
1696947884.017774,103.000000,104148.058594,160562.187500
1696947885.016660,103.000000,104148.058594,160562.187500
1696947886.016721,103.000000,104148.058594,160562.187500
1696947887.016681,103.000000,104148.058594,160562.187500
1696947888.017012,102.000000,104148.058594,160562.187500
1696947889.016891,103.000000,104148.058594,160562.187500
1696947890.016457,103.000000,104148.058594,160562.187500
1696947891.016957,102.000000,104148.058594,160562.187500
1696947892.016566,103.000000,104148.058594,160562.187500
1696947893.016690,103.000000,104148.058594,160562.187500
1696947894.016499,102.000000,104148.058594,160562.187500
1696947895.016653,103.000000,104148.058594,160562.187500
1696947896.016766,103.000000,104148.058594,160562.187500
1696947897.016399,103.000000,104148.058594,160562.187500
1696947898.017053,102.000000,104148.058594,160562.187500
1696947899.016446,103.000000,104148.058594,160562.187500
1696947900.017064,103.000000,104148.058594,160562.187500
1696947901.016764,103.000000,104148.058594,160562.187500
1696947902.023555,103.500000,104148.058594,160562.187500
1696947903.016720,102.500000,104148.058594,160562.187500
1696947904.016681,102.000000,104148.058594,160562.187500
1696947905.016263,103.000000,104148.058594,160562.187500
1696947906.018640,102.300000,104148.058594,160562.187500
1696947907.016952,102.700000,104148.058594,160562.187500
1696947908.016561,103.000000,104148.058594,160562.187500
1696947909.016567,103.000000,104148.058594,160562.187500
1696947910.016983,102.800000,104148.058594,160562.187500
1696947911.017208,102.200000,104148.058594,160562.187500
1696947912.016524,103.000000,104148.058594,160562.187500
1696947913.016484,102.000000,104148.058594,160562.187500
1696947914.019536,103.000000,104148.058594,160562.187500
1696947915.018373,103.000000,104148.058594,160562.187500
1696947916.017233,103.000000,104148.058594,160562.187500
1696947917.017040,103.000000,104148.058594,160562.187500
1696947918.016900,103.000000,104148.058594,160562.187500
1696947919.017067,102.000000,104148.058594,160562.187500
1696947920.016892,103.000000,104148.058594,160562.187500
1696947921.016904,102.000000,104148.058594,160562.187500
1696947922.016832,104.000000,104148.058594,160562.187500
1696947923.016817,102.000000,104148.058594,160562.187500
1696947924.016610,102.000000,104148.058594,160562.187500
1696947925.016535,104.000000,104148.058594,160562.187500
1696947926.014890,102.000000,104148.058594,160562.187500
1696947927.016717,102.000000,104148.058594,160562.187500
1696947928.017074,103.000000,104148.058594,160562.187500
1696947929.018175,103.000000,104148.058594,160562.187500
1696947930.016715,103.000000,104148.058594,160562.187500
1696947931.016810,103.000000,104148.058594,160562.187500
1696947932.016493,102.000000,104148.058594,160562.187500
1696947933.019115,103.000000,104148.058594,160562.187500
1696947934.019042,103.000000,104148.058594,160562.187500
1696947935.016695,103.000000,104148.058594,160562.187500
1696947936.016651,102.000000,104148.058594,160562.187500
1696947937.016340,103.000000,104148.058594,160562.187500
1696947938.016783,103.000000,104148.058594,160562.187500
1696947939.016607,102.000000,104148.058594,160562.187500
1696947940.017467,103.000000,104148.058594,160562.187500
1696947941.016761,103.000000,104148.058594,160562.187500
1696947942.016675,103.000000,104148.058594,160562.187500
1696947943.017966,102.000000,104148.058594,160562.187500
1696947944.017482,103.000000,104148.058594,160562.187500
1696947945.016712,103.000000,104148.058594,160562.187500
1696947946.016748,103.000000,104148.058594,160562.187500
1696947947.017964,102.000000,104148.058594,160562.187500
1696947948.017673,103.000000,104148.058594,160562.187500
1696947949.017087,102.000000,104148.058594,160562.187500
1696947950.016901,103.000000,104148.058594,160562.187500
1696947951.016554,103.000000,104148.058594,160562.187500
1696947952.016879,103.000000,104148.058594,160562.187500
1696947953.018732,103.000000,104148.058594,160562.187500
1696947954.017835,103.000000,104148.058594,160562.187500
1696947955.016557,102.000000,104148.058594,160562.187500
1696947956.016504,102.000000,104148.058594,160562.187500
1696947957.016661,104.000000,104148.058594,160562.187500
1696947958.016399,102.000000,104148.058594,160562.187500
1696947959.016524,103.000000,104148.058594,160562.187500
1696947960.016849,102.000000,104148.058594,160562.187500
1696947961.017457,103.000000,104148.058594,160562.187500
1696947962.016441,103.000000,104148.058594,160562.187500
1696947963.016900,103.000000,104148.058594,160562.187500
1696947964.016658,103.000000,104148.058594,160562.187500
1696947965.016887,102.000000,104148.058594,160562.187500
1696947966.016770,102.000000,104148.058594,160562.187500
1696947967.016496,103.000000,104148.058594,160562.187500
1696947968.017811,103.000000,104148.058594,160562.187500
1696947969.016729,103.000000,104148.058594,160562.187500
1696947970.016857,103.000000,104148.058594,160562.187500
1696947971.016608,102.000000,104148.058594,160562.187500
1696947972.016320,103.000000,104148.058594,160562.187500
1696947973.023772,103.000000,104148.058594,160562.187500
1696947974.017061,103.000000,104148.058594,160562.187500
1696947975.016237,102.000000,104148.058594,160562.187500
1696947976.016411,103.000000,104148.058594,160562.187500
1696947977.016684,103.000000,104148.058594,160562.187500
1696947978.018530,102.800000,104148.058594,160562.187500
1696947979.016602,102.200000,104148.058594,160562.187500
1696947980.016437,104.000000,104148.058594,160562.187500
1696947981.016594,102.000000,104148.058594,160562.187500
1696947982.017052,103.000000,104148.058594,160562.187500
1696947983.015848,103.000000,104148.058594,160562.187500
1696947984.013122,102.000000,104148.058594,160562.187500
1696947985.016068,102.000000,104148.058594,160562.187500
1696947986.016522,104.000000,104148.058594,160562.187500
1696947987.016641,102.000000,104148.058594,160562.187500
1696947988.016713,103.000000,104148.058594,160562.187500
1696947989.016714,102.000000,104148.058594,160562.187500
1696947990.016552,103.000000,104148.058594,160562.187500
1696947991.017706,102.000000,104148.058594,160562.187500
1696947992.016620,103.000000,104148.058594,160562.187500
1696947993.018433,103.000000,104148.058594,160562.187500
1696947994.018103,103.000000,104148.058594,160562.187500
1696947995.016682,103.000000,104148.058594,160562.187500
1696947996.016277,102.000000,104148.058594,160562.187500
1696947997.016581,104.000000,104148.058594,160562.187500
1696947998.017761,102.000000,104148.058594,160562.187500
1696947999.016577,103.000000,104148.058594,160562.187500
1696948000.016642,102.000000,104148.058594,160562.187500
1696948001.016449,103.000000,104148.058594,160562.187500
1696948002.016664,102.000000,104148.058594,160562.187500
1696948003.017042,103.000000,104148.058594,160562.187500
1696948004.016557,103.000000,104148.058594,160562.187500
1696948004.559146,95.800000,102391.996094,158806.125000
