1696945764.997336,0.000000,122333.781250,183126.093750
1696945765.038127,87.500000,122257.976562,182992.683594
1696945766.031134,102.000000,120851.617188,181368.011719
1696945767.023673,104.000000,119746.898438,180066.605469
1696945768.036259,103.000000,120576.953125,180334.476562
1696945769.027058,103.000000,120162.316406,179439.863281
1696945770.028498,103.000000,121292.070312,186179.367188
1696945771.029708,103.000000,121282.394531,186313.140625
1696945772.027310,103.000000,121693.558594,187687.679688
1696945773.028524,102.000000,122723.183594,192193.109375
1696945774.026628,104.000000,122662.722656,192953.617188
1696945775.027569,102.000000,124018.750000,193834.070312
1696945776.026630,103.000000,124456.187500,194365.652344
1696945777.030174,103.000000,125054.261719,193136.136719
1696945778.029492,103.000000,126098.277344,193767.718750
1696945779.035522,103.000000,126336.546875,192940.691406
1696945780.030058,103.000000,127273.437500,193567.667969
1696945781.029778,103.000000,128128.437500,193956.281250
1696945782.035692,103.000000,129062.437500,193856.410156
1696945783.026658,104.000000,129554.664062,193825.929688
1696945784.026565,103.000000,130277.976562,195376.960938
1696945785.027462,102.000000,131201.890625,196562.093750
1696945786.028765,103.000000,128217.332031,192175.886719
1696945787.035505,104.000000,128937.894531,193079.367188
1696945788.035764,104.000000,129232.050781,191593.632812
1696945789.026804,102.900000,129241.789062,190704.675781
1696945790.027220,104.100000,129702.843750,190782.011719
1696945791.035927,102.000000,130496.226562,190929.667969
1696945792.033372,103.000000,128247.062500,187972.128906
1696945793.026252,104.000000,125789.023438,185339.855469
1696945794.034089,103.000000,123987.703125,183983.921875
1696945795.026386,104.000000,124224.164062,183069.871094
1696945796.027624,102.000000,124101.957031,183085.812500
1696945797.027400,103.000000,124364.152344,183103.660156
1696945798.025448,103.000000,123992.679688,182448.039062
1696945799.026584,102.000000,124516.265625,183261.972656
1696945800.026159,103.000000,124452.687500,182642.632812
1696945801.026829,103.000000,124784.058594,183836.960938
1696945802.027674,103.000000,124981.820312,183274.527344
1696945803.027067,103.000000,124467.250000,182630.960938
1696945804.025575,102.000000,125021.468750,183091.472656
1696945805.028044,103.000000,125167.527344,183249.113281
1696945806.027093,103.000000,125179.699219,183951.687500
1696945807.028095,103.000000,125280.167969,183038.675781
1696945808.025593,104.000000,124518.765625,182345.269531
1696945809.025778,102.000000,124966.445312,182858.792969
1696945810.027739,102.000000,122865.019531,180903.378906
1696945811.026773,104.000000,122565.097656,180938.964844
1696945812.025760,102.000000,122553.351562,180455.894531
1696945813.027472,102.900000,122046.765625,179499.335938
1696945814.028856,103.100000,118951.742188,176757.144531
1696945815.026793,103.000000,118917.832031,176867.292969
1696945816.026304,103.000000,118764.394531,176887.019531
1696945817.028588,103.000000,118472.121094,176249.046875
1696945818.024977,103.000000,116025.167969,173649.519531
1696945819.026265,103.000000,113933.445312,171615.726562
1696945820.024001,102.000000,108208.570312,165737.027344
1696945821.027833,104.000000,108112.191406,166082.117188
1696945822.033690,102.000000,108232.855469,165723.136719
1696945823.027813,103.000000,108186.203125,165812.914062
1696945824.025462,103.000000,107996.515625,165448.335938
1696945825.025506,103.000000,108148.171875,166021.753906
1696945826.027929,103.000000,107832.765625,165793.402344
1696945827.032722,103.000000,108073.328125,166109.167969
1696945828.026662,103.000000,108251.953125,166023.777344
1696945829.025341,103.000000,108119.753906,165831.730469
1696945830.024719,102.000000,107986.906250,165985.691406
1696945831.026782,103.000000,107932.242188,165915.128906
1696945832.025790,103.000000,105736.093750,163387.839844
1696945833.025422,103.000000,105726.503906,163395.230469
1696945834.026298,102.000000,105640.214844,163019.011719
1696945835.025678,103.000000,105482.000000,163188.960938
1696945836.025365,103.000000,106182.679688,164229.222656
1696945837.025419,103.000000,105733.042969,163409.503906
1696945838.025264,102.000000,105683.550781,163207.152344
1696945839.027172,103.000000,106000.359375,163557.351562
1696945840.036035,102.000000,105710.027344,163560.617188
1696945841.033639,104.000000,105901.398438,163843.742188
1696945842.024252,104.000000,105893.296875,163789.347656
1696945843.025771,102.000000,105909.523438,163538.507812
1696945844.025170,103.000000,105470.113281,162877.531250
1696945845.027891,103.000000,105460.492188,163200.683594
1696945846.025588,103.000000,105957.660156,163733.781250
1696945847.025605,102.000000,105704.996094,163272.347656
1696945848.024573,103.000000,105782.164062,163402.375000
1696945849.024358,102.000000,105829.816406,163585.714844
1696945850.032713,102.000000,105672.335938,163403.191406
1696945851.035032,104.000000,105900.695312,163762.898438
1696945852.035886,104.000000,105616.824219,163190.968750
1696945853.029016,104.000000,105722.234375,163186.140625
1696945854.026474,103.000000,105639.824219,163405.054688
1696945855.028487,102.000000,105911.585938,163659.437500
1696945856.028407,103.000000,105533.539062,163398.914062
1696945857.024671,103.000000,105506.812500,163064.023438
1696945858.024367,103.000000,105843.644531,163420.910156
1696945859.027151,102.000000,105956.867188,164091.988281
1696945860.032408,103.000000,105770.667969,163623.859375
1696945861.025344,103.000000,106229.500000,163910.179688
1696945862.025258,103.000000,105871.164062,163996.035156
1696945863.035611,103.000000,106172.566406,164248.371094
1696945864.040357,103.000000,105523.488281,163027.519531
1696945865.033349,104.000000,106236.703125,164068.394531
1696945866.027483,104.000000,105941.070312,163750.765625
1696945867.023460,102.000000,105429.921875,163021.359375
1696945868.025908,103.000000,106108.742188,163816.437500
1696945869.029713,103.000000,106006.300781,164222.230469
1696945870.033468,102.000000,105769.503906,163233.613281
1696945871.027342,104.000000,105798.371094,163491.394531
1696945872.032572,103.000000,105748.734375,163566.011719
1696945873.024784,104.000000,105971.390625,163917.867188
1696945874.026599,102.000000,105738.398438,163777.417969
1696945875.029181,103.000000,106002.445312,163824.699219
1696945876.028244,103.000000,105825.550781,163369.234375
1696945877.028114,103.000000,106043.984375,163718.105469
1696945878.027551,102.000000,105609.984375,163485.464844
1696945879.031343,103.000000,106044.917969,163708.671875
1696945880.024591,104.000000,106027.378906,164031.800781
1696945881.025381,102.000000,105888.343750,163343.238281
1696945882.026036,103.000000,105834.304688,163434.492188
1696945883.023846,103.000000,105347.742188,163004.894531
1696945884.024854,102.000000,106020.757812,163884.695312
1696945885.028368,103.000000,105870.261719,163736.960938
1696945886.025050,103.000000,106026.359375,163806.117188
1696945887.026948,102.000000,105864.351562,163690.816406
1696945888.024717,102.000000,105918.320312,163692.699219
1696945889.024766,104.000000,105842.855469,163853.937500
1696945890.024104,102.000000,105506.542969,162944.363281
1696945891.024840,102.000000,105719.539062,163449.328125
1696945892.032443,103.000000,106066.917969,163899.097656
1696945893.031750,104.000000,106107.246094,164024.261719
1696945894.024943,103.000000,105458.011719,163072.093750
1696945895.024858,102.000000,105592.910156,163037.796875
1696945896.032924,103.000000,105933.300781,163774.921875
1696945897.032501,104.000000,106031.699219,163846.546875
1696945898.033398,103.000000,106047.156250,163748.324219
1696945899.023178,103.000000,105965.492188,163854.585938
1696945900.025683,102.000000,106109.507812,164282.695312
1696945901.025350,103.000000,105766.703125,163379.562500
1696945902.028028,103.000000,105559.050781,163267.320312
1696945903.033895,103.000000,105962.414062,163712.882812
1696945904.039413,103.000000,105634.644531,163019.011719
1696945905.024757,104.000000,105792.812500,163738.101562
1696945906.025347,103.000000,106022.949219,163876.113281
1696945907.024738,103.000000,105895.750000,163549.257812
1696945908.032383,96.000000,105832.207031,163707.269531
1696945909.025406,104.000000,105907.050781,163359.429688
1696945910.025695,102.000000,105883.031250,163925.304688
1696945911.025786,103.000000,106112.242188,164071.515625
1696945912.025575,103.000000,105853.148438,163537.562500
1696945913.031919,102.000000,105432.976562,162716.968750
1696945914.025462,104.000000,106078.714844,163908.183594
1696945915.025484,102.000000,105803.609375,163491.394531
1696945916.023959,103.000000,105571.855469,163680.777344
1696945917.025664,103.000000,105806.886719,163537.269531
1696945918.026237,102.000000,105773.203125,163224.480469
1696945919.026035,102.000000,105789.359375,163531.714844
1696945920.025026,103.000000,105960.433594,163531.324219
1696945921.040656,103.000000,105540.226562,163293.968750
1696945922.025111,104.000000,105923.226562,164049.300781
1696945923.025939,102.000000,106073.277344,163707.828125
1696945924.025789,103.000000,106037.722656,163797.394531
1696945925.025529,103.000000,106080.789062,163906.238281
1696945926.025447,103.000000,105928.519531,163677.054688
1696945927.024258,102.000000,106051.656250,163887.808594
1696945928.027567,103.000000,106026.703125,163701.027344
1696945929.024628,102.000000,105895.125000,163343.238281
1696945930.024477,103.000000,105616.679688,163233.140625
1696945931.024362,103.000000,105795.617188,163727.828125
1696945932.025659,103.000000,105909.390625,164068.640625
1696945933.025196,102.000000,105731.332031,163313.757812
1696945934.026033,102.000000,105946.972656,163508.519531
1696945935.024472,103.000000,105534.722656,163000.726562
1696945936.026347,102.000000,105417.953125,163260.453125
1696945937.029990,103.000000,106123.734375,164298.175781
1696945938.028133,103.000000,105843.300781,163376.367188
1696945938.380483,91.100000,103955.460938,161596.726562
