1696946154.720823,0.000000,104361.878906,161930.031250
1696946154.761244,111.300000,104348.824219,161809.425781
1696946155.747759,102.000000,106268.199219,163978.500000
1696946156.750042,102.000000,106402.750000,164268.148438
1696946157.752075,103.000000,106281.062500,163778.933594
1696946158.750163,104.000000,106668.132812,164444.832031
1696946159.756514,101.000000,106342.746094,163760.148438
1696946160.748643,104.000000,106333.562500,164322.140625
1696946161.749460,103.000000,106492.515625,164542.019531
1696946162.749822,103.000000,106515.000000,164438.457031
1696946163.750970,102.000000,106770.464844,164452.113281
1696946164.749064,103.000000,106511.710938,164094.777344
1696946165.747513,103.000000,106201.058594,164056.949219
1696946166.747696,102.000000,106070.816406,163955.523438
1696946167.758223,102.000000,106621.671875,164474.875000
1696946168.767453,103.000000,106357.277344,163967.042969
1696946169.747085,105.000000,106477.957031,163936.605469
1696946170.747462,102.000000,106325.597656,164109.609375
1696946171.761039,103.000000,105775.093750,163291.859375
1696946172.748135,103.000000,106380.757812,164000.714844
1696946173.762145,103.000000,106299.480469,163780.781250
1696946174.756967,104.000000,106549.585938,164087.542969
1696946175.756043,104.000000,106291.449219,163737.765625
1696946176.752469,103.000000,106612.621094,164437.296875
1696946177.748489,102.000000,106503.992188,164427.984375
1696946178.750018,104.000000,106398.976562,164011.347656
1696946179.747770,102.000000,106179.441406,164128.351562
1696946180.748092,103.000000,106180.535156,163642.046875
1696946181.757899,102.000000,106322.937500,163928.867188
1696946182.751779,104.000000,106569.117188,164610.433594
1696946183.757442,102.000000,106498.332031,164212.210938
1696946184.748754,104.000000,106723.160156,164495.984375
1696946185.749197,102.000000,106399.015625,164364.250000
1696946186.748315,103.000000,106405.683594,164257.019531
1696946187.747995,102.000000,106218.207031,163644.808594
1696946188.749287,103.000000,106470.570312,163922.261719
1696946189.750526,102.000000,106708.773438,164751.722656
1696946190.747544,103.000000,105583.609375,162922.824219
1696946191.749119,102.000000,106701.324219,164590.894531
1696946192.748522,103.000000,106440.515625,163939.773438
1696946193.750386,103.000000,106330.093750,163935.949219
1696946194.748274,102.000000,106322.667969,163764.589844
1696946195.757505,103.000000,106641.890625,164995.160156
1696946196.752297,103.000000,106810.644531,165278.507812
1696946197.751436,104.000000,106483.257812,163936.605469
1696946198.748721,102.000000,106542.046875,164402.296875
1696946199.749707,102.000000,106572.253906,164289.964844
1696946200.747968,103.000000,105998.507812,163675.656250
1696946201.749824,103.000000,106815.171875,164636.625000
1696946202.748888,102.000000,106880.074219,164842.562500
1696946203.750333,103.000000,106397.601562,164153.949219
1696946204.749588,103.000000,106519.222656,164124.726562
1696946205.754050,102.000000,106534.875000,164087.542969
1696946206.750906,104.000000,106730.472656,165013.777344
1696946207.748292,102.000000,106595.019531,164486.664062
1696946208.748187,102.000000,106682.289062,164774.992188
1696946209.750520,103.000000,106446.406250,164078.421875
1696946210.755433,103.000000,106662.621094,164342.699219
1696946211.758052,103.000000,106395.390625,164508.667969
1696946212.749386,104.000000,106616.675781,164523.308594
1696946213.754015,103.000000,106383.292969,164113.753906
1696946214.751790,102.000000,106643.003906,164572.945312
1696946215.748033,104.000000,106628.828125,164297.128906
1696946216.748256,102.000000,105971.117188,163310.335938
1696946217.747808,102.000000,106589.089844,164732.152344
1696946218.748503,103.000000,106724.925781,164452.234375
1696946219.757709,102.000000,106606.628906,164433.800781
1696946220.753252,103.000000,106323.796875,163974.828125
1696946221.748408,104.000000,106459.410156,164075.910156
1696946222.750817,102.000000,106216.828125,164228.535156
1696946223.749888,103.000000,106489.734375,164519.667969
1696946224.751085,103.000000,106402.191406,163933.902344
1696946225.750436,103.000000,106811.367188,164620.437500
1696946226.747798,102.000000,106635.492188,164256.890625
1696946227.749344,103.000000,106303.578125,164140.656250
1696946228.749238,99.000000,106343.558594,164214.710938
1696946229.756408,102.000000,106591.578125,164317.761719
1696946230.757818,103.000000,106630.238281,164365.597656
1696946231.755488,104.000000,106537.082031,163955.390625
1696946232.761296,103.000000,106655.136719,164509.871094
1696946233.758688,103.000000,106154.886719,163859.738281
1696946234.751721,104.000000,106637.875000,164402.359375
1696946235.747334,103.000000,106771.222656,164617.484375
1696946236.748783,102.000000,106523.558594,164275.785156
1696946237.751317,103.000000,106618.632812,164290.968750
1696946238.748457,103.000000,106516.417969,164110.414062
1696946239.747631,103.000000,105969.136719,163949.312500
1696946240.751891,102.000000,106694.792969,164662.613281
1696946241.748352,102.000000,106512.957031,164138.386719
1696946242.751611,104.000000,106556.320312,164418.335938
1696946243.759542,102.000000,106518.714844,164227.015625
1696946244.750538,103.100000,106410.523438,164097.324219
1696946245.756026,101.000000,106588.578125,164462.910156
1696946246.748624,103.000000,106484.027344,164280.796875
1696946247.748366,102.000000,106675.734375,164801.496094
1696946248.749259,103.000000,106437.164062,164037.742188
1696946249.748449,103.000000,106541.054688,164087.542969
1696946250.748721,102.000000,106549.875000,164441.867188
1696946251.749372,102.000000,106215.480469,163776.941406
1696946252.748430,103.000000,106481.734375,164127.906250
1696946253.748933,103.000000,106460.593750,164322.066406
1696946254.749063,102.000000,106475.339844,164333.160156
1696946255.749824,103.000000,106235.992188,164035.488281
1696946256.751677,102.000000,106009.570312,163442.308594
1696946257.751369,103.000000,106361.855469,163967.019531
1696946258.749339,103.000000,106586.300781,164449.984375
1696946259.749216,103.000000,106281.535156,164400.644531
1696946260.748990,102.000000,106286.085938,163901.882812
1696946261.758755,102.000000,106524.625000,164280.679688
1696946262.757232,104.000000,106256.933594,163771.843750
1696946263.750325,104.000000,106623.093750,164686.539062
1696946264.749529,102.000000,106385.863281,163839.707031
1696946265.748553,103.000000,106599.390625,164435.675781
1696946266.748364,102.000000,106317.445312,163944.386719
1696946267.750655,104.000000,106351.437500,163760.148438
1696946268.749538,102.000000,106622.734375,164933.101562
1696946269.748996,102.000000,106500.515625,164376.207031
1696946270.751817,103.000000,106286.238281,163955.246094
1696946271.756765,103.000000,106461.562500,164007.878906
1696946272.748870,103.000000,106529.820312,164293.042969
1696946273.749366,103.000000,106363.488281,164073.660156
1696946274.749023,103.000000,106549.058594,164697.644531
1696946275.756453,102.000000,106292.203125,163825.285156
1696946276.755040,103.000000,106702.082031,164196.339844
1696946277.749069,103.000000,106055.968750,163842.453125
1696946278.748655,103.000000,106057.054688,163579.863281
1696946279.757792,103.000000,106208.406250,164128.316406
1696946280.756859,103.000000,106632.890625,164444.824219
1696946281.758310,104.000000,106355.632812,163866.492188
1696946282.754350,103.000000,106265.242188,163786.187500
1696946283.747203,103.000000,106085.871094,164156.351562
1696946284.752449,103.000000,106232.035156,164137.375000
1696946285.751133,103.000000,106339.734375,163972.996094
1696946286.748762,103.000000,106234.250000,163612.378906
1696946287.749081,102.000000,105981.640625,163608.773438
1696946288.750345,102.000000,105737.136719,163483.128906
1696946289.748147,103.000000,106069.167969,164091.695312
1696946290.747166,103.000000,106356.832031,163965.746094
1696946291.747950,103.000000,106291.195312,163800.488281
1696946292.747400,101.000000,105989.085938,163653.195312
1696946293.748788,104.000000,106133.554688,164148.632812
1696946294.750968,102.000000,106021.777344,163702.867188
1696946295.748125,103.000000,106285.929688,163957.828125
1696946296.750189,102.000000,106110.312500,163563.382812
1696946297.748780,103.000000,106476.128906,164416.726562
1696946298.749597,103.000000,105900.382812,163261.542969
1696946299.748542,102.000000,106065.578125,164053.171875
1696946300.747781,103.000000,106083.031250,163612.023438
1696946301.747587,102.000000,105962.628906,163411.007812
1696946302.749581,102.000000,105804.687500,163267.019531
1696946303.747536,103.000000,106021.390625,163431.167969
1696946304.750100,103.000000,105993.789062,163669.742188
1696946305.746304,102.000000,106041.867188,163423.914062
1696946306.748266,102.000000,105958.945312,163501.003906
1696946307.748638,103.000000,105997.941406,163674.156250
1696946308.748523,102.000000,106261.085938,163953.792969
1696946309.748670,103.000000,106125.566406,163725.730469
1696946310.751231,102.000000,106340.054688,164525.527344
1696946311.748221,104.000000,106177.914062,163910.066406
1696946312.748521,102.000000,105946.343750,163405.351562
1696946313.749121,102.000000,106024.457031,163627.949219
1696946314.747556,103.000000,106150.101562,163724.140625
1696946315.747295,102.000000,105887.226562,163374.835938
1696946316.748092,103.000000,106133.714844,163701.152344
1696946317.747848,102.000000,106132.371094,163532.554688
1696946318.749810,103.000000,105998.523438,163598.523438
1696946319.755201,103.000000,105996.535156,163363.160156
1696946320.749768,103.000000,106120.945312,163806.226562
1696946321.745965,102.000000,105847.136719,163068.894531
1696946322.749454,102.000000,106337.062500,163934.156250
1696946323.751815,103.000000,106051.226562,163813.527344
1696946324.755551,104.000000,106248.898438,163553.960938
1696946325.755730,103.000000,105919.976562,163453.644531
1696946326.750440,103.000000,105566.113281,163238.683594
1696946327.746296,102.000000,105760.281250,163038.933594
1696946328.748592,103.000000,105987.394531,163683.085938
1696946329.757296,102.000000,105753.191406,163076.128906
1696946330.757091,104.000000,105767.441406,163053.277344
1696946331.752297,103.000000,105757.710938,163400.367188
1696946332.746084,103.000000,105872.308594,163643.593750
1696946333.359039,93.500000,103954.371094,161337.554688
