1696914272.098579,0.000000,217517.042969,283771.832031
1696914272.173909,77.900000,212913.398438,278800.386719
1696914273.185736,98.000000,213684.429688,280619.089844
1696914274.160496,104.000000,218735.484375,283239.984375
1696914275.232709,104.000000,217203.476562,281782.906250
1696914276.234911,97.000000,221307.316406,285939.988281
1696914277.180995,114.900000,220159.535156,286045.253906
1696914278.170133,106.100000,215857.023438,282128.664062
1696914279.176324,100.000000,215580.171875,277447.882812
1696914280.172804,98.000000,209420.789062,274513.941406
1696914281.031997,97.000000,209142.738281,272103.050781
