1696948308.327737,0.000000,118713.949219,179702.207031
1696948308.367612,74.100000,118713.949219,179702.207031
1696948309.363151,103.000000,120469.796875,181458.269531
1696948310.361521,103.000000,120469.796875,181458.269531
1696948311.358928,103.000000,120469.796875,181458.269531
1696948312.358925,103.000000,120470.011719,181458.269531
1696948313.358675,103.000000,120470.011719,181458.269531
1696948314.359183,103.000000,120470.011719,181458.269531
1696948315.358999,103.000000,120470.011719,181458.269531
1696948316.359637,103.000000,120470.011719,181458.269531
1696948317.355052,103.000000,120470.011719,181458.269531
1696948318.359637,102.000000,120470.011719,181458.269531
1696948319.359936,103.000000,120470.011719,181458.269531
1696948320.359356,103.000000,120470.011719,181458.269531
1696948321.358830,103.000000,120470.011719,181458.269531
1696948322.359607,104.000000,120470.011719,181458.269531
1696948323.359241,103.000000,120470.011719,181458.269531
1696948324.360099,101.900000,120470.011719,181458.269531
1696948325.354955,103.100000,120470.011719,181458.269531
1696948326.363839,103.400000,120470.011719,181458.269531
1696948327.358684,103.600000,120470.011719,181458.269531
1696948328.360872,102.900000,120470.011719,181458.269531
1696948329.358910,102.100000,120470.011719,181458.269531
1696948330.359192,103.000000,120470.011719,181458.269531
1696948331.358762,103.000000,120470.011719,181458.269531
1696948332.369516,104.300000,120470.011719,181458.269531
1696948333.363109,104.300000,120470.011719,181458.269531
1696948334.358684,102.400000,120470.011719,181458.269531
1696948335.358936,102.000000,120470.011719,181458.269531
1696948336.358840,104.000000,120470.011719,181458.269531
1696948337.358600,102.000000,120470.011719,181458.269531
1696948338.358392,103.000000,120470.011719,181458.269531
1696948339.358848,104.000000,120470.011719,181458.269531
1696948340.358829,102.000000,120470.011719,181458.269531
1696948341.358636,103.000000,120470.011719,181458.269531
1696948342.364588,103.000000,120470.011719,181458.269531
1696948343.358990,104.000000,120470.011719,181458.269531
1696948344.358918,103.000000,120470.011719,181458.269531
1696948345.358634,102.000000,120470.011719,181458.269531
1696948346.358319,103.000000,120470.011719,181458.269531
1696948347.358595,103.000000,120470.011719,181458.269531
1696948348.358371,102.000000,120470.011719,181458.269531
1696948349.358797,102.000000,120470.011719,181458.269531
1696948350.358649,104.000000,120470.011719,181458.269531
1696948351.358301,102.000000,120470.011719,181458.269531
1696948352.360140,103.000000,120470.011719,181458.269531
1696948353.359020,103.000000,120470.011719,181458.269531
1696948354.358731,103.000000,120470.011719,181458.269531
1696948355.358691,103.000000,120470.011719,181458.269531
1696948356.358578,103.000000,120470.011719,181458.269531
1696948357.360253,104.000000,120470.011719,181458.269531
1696948358.358559,102.000000,120470.011719,181458.269531
1696948359.358556,104.000000,120470.011719,181458.269531
1696948360.359442,102.000000,120470.011719,181458.269531
1696948361.358957,103.000000,120470.011719,181458.269531
1696948362.358432,103.000000,120470.011719,181458.269531
1696948363.358447,103.000000,120470.011719,181458.269531
1696948364.358977,103.000000,120470.011719,181458.269531
1696948365.358613,103.000000,120470.011719,181458.269531
1696948366.358880,102.000000,120470.011719,181458.269531
1696948367.358510,103.000000,120470.011719,181458.269531
1696948368.359761,104.000000,120470.011719,181458.269531
1696948369.358809,103.000000,120470.011719,181458.269531
1696948370.358315,102.000000,120470.011719,181458.269531
1696948371.359024,104.000000,120470.011719,181458.269531
1696948372.358874,103.000000,120470.011719,181458.269531
1696948373.358774,103.000000,120470.011719,181458.269531
1696948374.359097,102.000000,120470.011719,181458.269531
1696948375.358593,103.000000,120470.011719,181458.269531
1696948376.358812,103.000000,120470.011719,181458.269531
1696948377.358702,103.000000,120470.011719,181458.269531
1696948378.360248,103.000000,120470.011719,181458.269531
1696948379.360046,103.000000,120470.011719,181458.269531
1696948380.358477,103.000000,120470.011719,181458.269531
1696948381.358987,103.000000,120470.011719,181458.269531
1696948382.359054,103.000000,120470.011719,181458.269531
1696948383.359003,103.000000,120470.011719,181458.269531
1696948384.358591,103.000000,120470.011719,181458.269531
1696948385.359133,103.000000,120470.011719,181458.269531
1696948386.358774,103.000000,120470.011719,181458.269531
1696948387.358441,103.000000,120470.011719,181458.269531
1696948388.359034,103.000000,120470.011719,181458.269531
1696948389.358696,103.000000,120470.011719,181458.269531
1696948390.358433,103.000000,120470.011719,181458.269531
1696948391.358647,102.000000,120470.011719,181458.269531
1696948392.358765,103.000000,120470.011719,181458.269531
1696948393.357589,104.000000,120470.011719,181458.269531
1696948394.358514,103.000000,120470.011719,181458.269531
1696948395.358579,103.000000,120470.011719,181458.269531
1696948396.358709,102.000000,120470.011719,181458.269531
1696948397.358798,103.000000,120470.011719,181458.269531
1696948398.357395,103.000000,120470.011719,181458.269531
1696948399.358968,103.000000,120470.011719,181458.269531
1696948400.358588,103.000000,120470.011719,181458.269531
1696948401.358951,102.000000,120470.011719,181458.269531
1696948402.358763,103.000000,120470.011719,181458.269531
1696948403.358864,103.000000,120470.011719,181458.269531
1696948404.358522,103.000000,120470.011719,181458.269531
1696948405.358884,104.000000,120470.011719,181458.269531
1696948406.359015,102.000000,120470.011719,181458.269531
1696948407.358618,103.000000,120470.011719,181458.269531
1696948408.358810,103.000000,120470.011719,181458.269531
1696948409.358557,103.000000,120470.011719,181458.269531
1696948410.359509,103.000000,120470.011719,181458.269531
1696948411.358854,103.000000,120470.011719,181458.269531
1696948412.359349,103.000000,120470.011719,181458.269531
1696948413.358906,103.000000,120470.011719,181458.269531
1696948414.358019,103.000000,120470.011719,181458.269531
1696948415.358696,103.000000,120470.011719,181458.269531
1696948416.358915,103.000000,120470.011719,181458.269531
1696948417.358176,102.000000,120470.011719,181458.269531
1696948418.355362,104.000000,120470.011719,181458.269531
1696948419.358637,102.000000,120470.011719,181458.269531
1696948420.359047,103.000000,120470.011719,181458.269531
1696948421.358679,103.000000,120470.011719,181458.269531
1696948422.358275,103.000000,120470.011719,181458.269531
1696948423.358588,102.000000,120470.011719,181458.269531
1696948424.358787,104.000000,120470.011719,181458.269531
1696948425.358848,102.000000,120470.011719,181458.269531
1696948426.358826,104.000000,120470.011719,181458.269531
1696948427.358751,102.000000,120470.011719,181458.269531
1696948428.358651,103.000000,120470.011719,181458.269531
1696948429.359357,104.000000,120470.011719,181458.269531
1696948430.358692,103.000000,120470.011719,181458.269531
1696948431.358757,102.000000,120470.011719,181458.269531
1696948432.358626,103.000000,120470.011719,181458.269531
1696948433.358696,103.000000,120470.011719,181458.269531
1696948434.358741,103.000000,120470.011719,181458.269531
1696948435.358606,103.000000,120470.011719,181458.269531
1696948436.358419,103.000000,120470.011719,181458.269531
1696948437.360154,103.000000,120470.011719,181458.269531
1696948438.358653,103.000000,120470.011719,181458.269531
1696948439.357350,102.000000,120470.011719,181458.269531
1696948440.348966,104.000000,120470.011719,181458.269531
1696948441.348689,102.000000,120470.011719,181458.269531
1696948442.352780,101.000000,120470.011719,181458.269531
1696948443.361275,103.000000,120470.011719,181458.269531
1696948444.358960,103.000000,120470.011719,181458.269531
1696948445.358958,103.000000,120470.011719,181458.269531
1696948446.358761,103.000000,120470.011719,181458.269531
1696948447.358491,103.000000,120470.011719,181458.269531
1696948448.359162,103.000000,120470.011719,181458.269531
1696948449.358630,102.000000,120470.011719,181458.269531
1696948450.358439,104.000000,120470.011719,181458.269531
1696948451.358735,102.000000,120470.011719,181458.269531
1696948452.358606,103.000000,120470.011719,181458.269531
1696948453.359010,104.000000,120470.011719,181458.269531
1696948453.595052,96.700000,118713.949219,179702.207031
