1696948538.427550,0.000000,110396.183594,167157.503906
1696948538.460560,84.200000,110405.347656,167167.050781
1696948539.455023,102.000000,110056.253906,166818.015625
1696948540.462590,103.000000,108590.316406,165351.687500
1696948541.461491,104.000000,108665.898438,165447.175781
1696948542.464310,102.000000,108686.753906,165464.667969
1696948543.459347,103.000000,108677.902344,165451.832031
1696948544.460042,103.000000,108677.484375,165439.562500
1696948545.459608,104.000000,108266.148438,165027.843750
1696948546.460605,102.000000,108266.050781,165027.843750
1696948547.459299,105.000000,108266.558594,165028.644531
1696948548.464395,102.000000,108271.070312,165033.019531
1696948549.458377,104.000000,108262.011719,165023.468750
1696948550.465522,103.000000,108273.308594,165037.144531
1696948551.458834,103.000000,108249.687500,165011.191406
1696948552.458820,103.000000,108248.949219,165010.734375
1696948553.459804,103.000000,108245.601562,165006.816406
1696948554.462501,104.000000,108244.882812,165006.015625
1696948555.462012,102.000000,108249.652344,165011.191406
1696948556.458366,104.000000,108142.039062,164891.578125
1696948557.459294,103.000000,108137.277344,164886.402344
1696948558.458736,103.000000,108142.332031,164891.578125
1696948559.458232,104.000000,108142.339844,164891.578125
1696948560.461452,102.000000,108137.324219,164886.402344
1696948561.458817,104.000000,108142.367188,164891.578125
1696948562.458818,102.000000,108142.382812,164891.578125
1696948563.458247,103.000000,108141.867188,164891.578125
1696948564.458618,103.000000,108146.621094,164899.394531
1696948565.458635,104.000000,108137.957031,164887.203125
1696948566.458987,102.000000,108146.332031,164895.953125
1696948567.460499,103.000000,108135.671875,164884.917969
1696948568.459001,103.000000,108139.507812,164889.066406
1696948569.458672,103.000000,108134.808594,164883.890625
1696948570.460373,104.000000,108130.593750,164879.515625
1696948571.461465,103.000000,108128.742188,164877.558594
1696948572.464008,103.000000,108139.812500,164889.066406
1696948573.467936,104.000000,108139.738281,164889.066406
1696948574.459150,104.000000,108121.437500,164870.191406
1696948575.458048,103.000000,108116.437500,164865.015625
1696948576.458779,102.000000,108121.199219,164870.191406
1696948577.459266,103.000000,108084.402344,164832.945312
1696948578.458680,103.000000,108106.726562,164855.273438
1696948579.461212,103.000000,108088.218750,164825.179688
1696948580.461688,104.000000,107744.136719,164480.847656
1696948581.458217,103.000000,107743.953125,164480.847656
1696948582.458509,103.000000,107744.101562,164480.847656
1696948583.458390,103.000000,107704.093750,164439.941406
1696948584.458192,103.000000,107704.097656,164439.941406
1696948585.460211,102.000000,107704.101562,164439.941406
1696948586.447552,104.000000,107094.171875,163977.773438
1696948587.458227,101.000000,107041.441406,163753.773438
1696948588.457700,104.000000,106697.250000,163409.441406
1696948589.457966,103.000000,106697.253906,163409.441406
1696948590.457946,102.000000,106697.253906,163409.441406
1696948591.458154,104.000000,106697.265625,163409.441406
1696948592.458173,102.000000,106697.265625,163409.441406
1696948593.458390,103.000000,106697.269531,163409.441406
1696948594.458816,103.000000,106697.269531,163409.441406
1696948595.458436,103.000000,106697.296875,163409.441406
1696948596.458259,103.000000,106697.304688,163409.441406
1696948597.458314,103.000000,106697.308594,163409.441406
1696948598.457993,103.000000,106697.312500,163409.441406
1696948599.458077,103.000000,106697.335938,163409.441406
1696948600.458271,103.000000,106697.343750,163409.441406
1696948601.458381,103.000000,106697.343750,163409.441406
1696948602.457892,103.000000,106697.363281,163409.441406
1696948603.458338,103.000000,106697.378906,163409.441406
1696948604.457953,103.000000,106697.382812,163409.441406
1696948605.458050,102.000000,106697.386719,163409.441406
1696948606.458239,103.000000,106697.390625,163409.441406
1696948607.457895,104.000000,106697.390625,163409.441406
1696948608.458184,103.000000,106697.398438,163409.441406
1696948609.458393,102.000000,106697.406250,163409.441406
1696948610.457997,104.000000,106697.441406,163409.441406
1696948611.458783,102.000000,106697.449219,163409.441406
1696948612.458410,104.000000,106697.453125,163409.441406
1696948613.458114,102.000000,106697.460938,163409.441406
1696948614.458074,103.000000,106697.460938,163409.441406
1696948615.458307,102.000000,106697.484375,163409.441406
1696948616.458347,104.000000,106697.496094,163409.441406
1696948617.458039,103.000000,106697.503906,163409.441406
1696948618.457950,103.000000,106697.503906,163409.441406
1696948619.458303,102.000000,106697.511719,163409.441406
1696948620.458273,103.000000,106697.511719,163409.441406
1696948621.457721,104.000000,106697.515625,163409.441406
1696948622.458044,102.000000,106697.515625,163409.441406
1696948623.458525,103.000000,106697.523438,163409.441406
1696948624.458216,103.000000,106697.527344,163409.441406
1696948625.458256,103.000000,106697.539062,163409.441406
1696948626.457782,103.000000,106697.593750,163409.441406
1696948627.458557,103.000000,106697.597656,163409.441406
1696948628.457993,103.000000,106697.601562,163409.441406
1696948629.458399,103.000000,106697.601562,163409.441406
1696948630.458285,103.000000,106697.605469,163409.441406
1696948631.458047,103.000000,106697.617188,163409.441406
1696948632.458338,103.000000,106697.628906,163409.441406
1696948633.458589,103.000000,106697.628906,163409.441406
1696948634.458210,102.000000,106697.644531,163409.441406
1696948635.458319,104.000000,106697.648438,163409.441406
1696948636.458442,102.000000,106697.652344,163409.441406
1696948637.458324,104.000000,106697.652344,163409.441406
1696948638.458174,102.000000,106697.656250,163409.441406
1696948639.458557,103.000000,106697.656250,163409.441406
1696948640.458298,103.000000,106697.664062,163409.441406
1696948641.458256,103.000000,106697.664062,163409.441406
1696948642.458252,103.000000,106697.675781,163409.441406
1696948643.458022,104.000000,106697.742188,163409.441406
1696948644.458726,102.000000,106697.742188,163409.441406
1696948645.457931,103.000000,106697.750000,163409.441406
1696948646.458459,99.000000,106697.753906,163409.441406
1696948647.457959,103.000000,106697.757812,163409.441406
1696948648.458139,103.000000,106697.765625,163409.441406
1696948649.459044,103.000000,106697.765625,163409.441406
1696948650.458065,102.000000,106697.785156,163409.441406
1696948651.458245,104.000000,106697.785156,163409.441406
1696948652.458226,102.000000,106697.812500,163409.441406
1696948653.458265,103.000000,106697.816406,163409.441406
1696948654.460222,103.000000,106697.820312,163409.441406
1696948655.458355,103.000000,106697.824219,163409.441406
1696948656.457732,103.000000,106697.824219,163409.441406
1696948657.458333,104.000000,106697.843750,163409.441406
1696948658.457853,102.000000,106697.847656,163409.441406
1696948659.458178,104.000000,106697.859375,163409.441406
1696948660.458369,102.000000,106697.871094,163409.441406
1696948661.458033,103.000000,106697.875000,163409.441406
1696948662.458589,103.000000,106697.882812,163409.441406
1696948663.459002,103.000000,106697.890625,163409.441406
1696948664.459318,103.000000,106697.890625,163409.441406
1696948665.458123,103.000000,106697.894531,163409.441406
1696948666.458004,103.000000,106697.917969,163409.441406
1696948667.458050,103.000000,106697.917969,163409.441406
1696948668.458421,103.000000,106697.917969,163409.441406
1696948669.457930,102.000000,106697.917969,163409.441406
1696948670.458311,104.000000,106697.953125,163409.441406
1696948671.458118,103.000000,106697.953125,163409.441406
1696948672.458179,102.000000,106697.968750,163409.441406
1696948673.458169,103.000000,106697.968750,163409.441406
1696948674.457915,104.000000,106697.976562,163409.441406
1696948675.458193,102.000000,106697.976562,163409.441406
1696948676.459030,102.900000,106697.980469,163409.441406
1696948677.458215,103.100000,106697.984375,163409.441406
1696948678.458638,103.000000,106697.984375,163409.441406
1696948679.458275,103.000000,106697.984375,163409.441406
1696948680.457968,103.000000,106697.992188,163409.441406
1696948681.458167,103.000000,106697.992188,163409.441406
1696948682.458046,103.000000,106698.027344,163409.441406
1696948683.226498,96.200000,104941.968750,161653.378906
