1696948016.797496,0.000000,102391.996094,158806.125000
1696948016.833607,87.500000,102391.996094,158806.125000
1696948017.826726,102.000000,104148.058594,160562.187500
1696948018.826780,103.000000,104148.058594,160562.187500
1696948019.826857,102.000000,104148.058594,160562.187500
1696948020.828995,104.000000,104148.058594,160562.187500
1696948021.826303,102.000000,104148.058594,160562.187500
1696948022.826999,102.000000,104148.058594,160562.187500
1696948023.827012,103.000000,104148.058594,160562.187500
1696948024.827504,103.000000,104148.058594,160562.187500
1696948025.826753,102.000000,104148.058594,160562.187500
1696948026.826517,104.000000,104148.058594,160562.187500
1696948027.826848,102.000000,104148.058594,160562.187500
1696948028.826606,103.000000,104148.058594,160562.187500
1696948029.826546,102.000000,104148.058594,160562.187500
1696948030.826737,103.000000,104148.058594,160562.187500
1696948031.826824,103.000000,104148.058594,160562.187500
1696948032.826497,103.000000,104148.058594,160562.187500
1696948033.827161,102.000000,104148.058594,160562.187500
1696948034.826705,103.000000,104148.058594,160562.187500
1696948035.826725,103.000000,104148.058594,160562.187500
1696948036.826626,102.000000,104148.058594,160562.187500
1696948037.823524,103.000000,104148.058594,160562.187500
1696948038.826720,102.000000,104148.058594,160562.187500
1696948039.826702,103.000000,104148.058594,160562.187500
1696948040.826735,102.000000,104148.058594,160562.187500
1696948041.826575,103.000000,104148.058594,160562.187500
1696948042.826968,103.000000,104148.058594,160562.187500
1696948043.827181,103.000000,104148.058594,160562.187500
1696948044.826469,102.000000,104148.058594,160562.187500
1696948045.826453,103.000000,104148.058594,160562.187500
1696948046.826680,102.000000,104148.058594,160562.187500
1696948047.826528,103.000000,104148.058594,160562.187500
1696948048.826427,103.000000,104148.058594,160562.187500
1696948049.826841,103.000000,104148.058594,160562.187500
1696948050.826685,103.000000,104148.058594,160562.187500
1696948051.826723,102.000000,104148.058594,160562.187500
1696948052.826575,103.000000,104148.058594,160562.187500
1696948053.828105,97.000000,104148.058594,160562.187500
1696948054.826957,104.000000,104148.058594,160562.187500
1696948055.826607,102.000000,104148.058594,160562.187500
1696948056.826776,103.000000,104148.058594,160562.187500
1696948057.826806,103.000000,104148.058594,160562.187500
1696948058.826828,102.000000,104148.058594,160562.187500
1696948059.826848,103.000000,104148.058594,160562.187500
1696948060.826748,103.000000,104148.058594,160562.187500
1696948061.827358,103.000000,104148.058594,160562.187500
1696948062.826910,102.000000,104148.058594,160562.187500
1696948063.827242,103.000000,104148.058594,160562.187500
1696948064.826731,102.000000,104148.058594,160562.187500
1696948065.826700,103.000000,104148.058594,160562.187500
1696948066.826967,103.000000,104148.058594,160562.187500
1696948067.826891,103.000000,104148.058594,160562.187500
1696948068.826999,103.000000,104148.058594,160562.187500
1696948069.826815,103.000000,104148.058594,160562.187500
1696948070.826828,101.000000,104148.058594,160562.187500
1696948071.827162,104.000000,104148.058594,160562.187500
1696948072.826995,103.000000,104148.058594,160562.187500
1696948073.827014,102.000000,104148.058594,160562.187500
1696948074.826882,103.000000,104148.058594,160562.187500
1696948075.826846,102.000000,104148.058594,160562.187500
1696948076.826895,103.000000,104148.058594,160562.187500
1696948077.827403,103.000000,104148.058594,160562.187500
1696948078.826694,103.000000,104148.058594,160562.187500
1696948079.826876,102.000000,104148.058594,160562.187500
1696948080.826890,103.000000,104148.058594,160562.187500
1696948081.827556,103.000000,104148.058594,160562.187500
1696948082.826528,103.000000,104148.058594,160562.187500
1696948083.826808,103.000000,104148.058594,160562.187500
1696948084.829118,102.000000,104148.058594,160562.187500
1696948085.828526,103.000000,104148.058594,160562.187500
1696948086.827165,103.000000,104148.058594,160562.187500
1696948087.826850,102.000000,104148.058594,160562.187500
1696948088.826708,103.000000,104148.058594,160562.187500
1696948089.827186,103.000000,104148.058594,160562.187500
1696948090.827101,102.000000,104148.058594,160562.187500
1696948091.826784,104.000000,104148.058594,160562.187500
1696948092.827180,102.000000,104148.058594,160562.187500
1696948093.827596,103.000000,104148.058594,160562.187500
1696948094.826964,102.000000,104148.058594,160562.187500
1696948095.827162,104.000000,104148.058594,160562.187500
1696948096.827042,102.000000,104148.058594,160562.187500
1696948097.827678,103.000000,104148.058594,160562.187500
1696948098.828757,103.000000,104148.058594,160562.187500
1696948099.828102,103.000000,104148.058594,160562.187500
1696948100.827081,102.000000,104148.058594,160562.187500
1696948101.826971,103.000000,104148.058594,160562.187500
1696948102.826985,103.000000,104148.058594,160562.187500
1696948103.826826,102.000000,104148.058594,160562.187500
1696948104.826579,103.000000,104148.058594,160562.187500
1696948105.827143,103.000000,104148.058594,160562.187500
1696948106.827671,103.000000,104148.058594,160562.187500
1696948107.826746,102.000000,104148.058594,160562.187500
1696948108.826948,103.000000,104148.058594,160562.187500
1696948109.827022,103.000000,104148.058594,160562.187500
1696948110.826870,103.000000,104148.058594,160562.187500
1696948111.827034,102.000000,104148.058594,160562.187500
1696948112.827261,103.000000,104148.058594,160562.187500
1696948113.829822,102.000000,104148.058594,160562.187500
1696948114.827279,103.000000,104148.058594,160562.187500
1696948115.826525,103.000000,104148.058594,160562.187500
1696948116.826945,103.000000,104148.058594,160562.187500
1696948117.826917,103.000000,104148.058594,160562.187500
1696948118.826683,102.000000,104148.058594,160562.187500
1696948119.826912,103.000000,104148.058594,160562.187500
1696948120.827238,103.000000,104148.058594,160562.187500
1696948121.826777,103.000000,104148.058594,160562.187500
1696948122.826877,102.000000,104148.058594,160562.187500
1696948123.827205,103.000000,104148.058594,160562.187500
1696948124.826664,102.000000,104148.058594,160562.187500
1696948125.827785,103.000000,104148.058594,160562.187500
1696948126.826698,103.000000,104148.058594,160562.187500
1696948127.827085,102.000000,104148.058594,160562.187500
1696948128.826733,103.000000,104148.058594,160562.187500
1696948129.827223,103.000000,104148.058594,160562.187500
1696948130.826814,103.000000,104148.058594,160562.187500
1696948131.826919,102.000000,104148.058594,160562.187500
1696948132.827520,103.000000,104148.058594,160562.187500
1696948133.826978,103.000000,104148.058594,160562.187500
1696948134.826716,103.000000,104148.058594,160562.187500
1696948135.826809,102.000000,104148.058594,160562.187500
1696948136.827084,103.000000,104148.058594,160562.187500
1696948137.826953,103.000000,104148.058594,160562.187500
1696948138.826926,102.000000,104148.058594,160562.187500
1696948139.827070,104.000000,104148.058594,160562.187500
1696948140.826590,102.000000,104148.058594,160562.187500
1696948141.826935,103.000000,104148.058594,160562.187500
1696948142.826876,102.000000,104148.058594,160562.187500
1696948143.826874,103.000000,104148.058594,160562.187500
1696948144.827094,103.000000,104148.058594,160562.187500
1696948145.826873,102.000000,104148.058594,160562.187500
1696948146.827005,103.000000,104148.058594,160562.187500
1696948147.827086,103.000000,104148.058594,160562.187500
1696948148.827229,102.000000,104148.058594,160562.187500
1696948149.828181,103.000000,104148.058594,160562.187500
1696948150.826953,103.000000,104148.058594,160562.187500
1696948151.826707,102.000000,104148.058594,160562.187500
1696948152.826833,104.000000,104148.058594,160562.187500
1696948153.827338,102.000000,104148.058594,160562.187500
1696948154.826785,103.000000,104148.058594,160562.187500
1696948155.826766,103.000000,104148.058594,160562.187500
1696948156.826827,103.000000,104148.058594,160562.187500
1696948157.827213,102.000000,104148.058594,160562.187500
1696948158.827019,103.000000,104148.058594,160562.187500
1696948159.826872,103.000000,104148.058594,160562.187500
1696948160.826468,102.000000,104148.058594,160562.187500
1696948161.826847,103.000000,104148.058594,160562.187500
1696948162.827194,103.000000,104148.058594,160562.187500
1696948163.823993,102.000000,104148.058594,160562.187500
1696948164.826499,103.000000,104148.058594,160562.187500
1696948165.298725,95.300000,102391.996094,158806.125000
