1696947515.638488,0.000000,119996.789062,181121.812500
1696947515.674496,99.400000,120009.078125,181140.464844
1696947516.673656,103.000000,121785.863281,182909.535156
1696947517.670715,103.000000,121777.140625,182897.472656
1696947518.671069,104.000000,121781.339844,182901.847656
1696947519.671005,102.000000,121790.429688,182910.824219
1696947520.671254,103.000000,121728.296875,182824.300781
1696947521.671117,103.000000,121738.007812,182834.648438
1696947522.670877,103.000000,121714.542969,182810.597656
1696947523.671060,103.000000,121702.851562,182798.539062
1696947524.670423,103.000000,121711.218750,182808.886719
1696947525.671309,103.000000,121684.589844,182768.449219
1696947526.671067,104.000000,121340.285156,182424.113281
1696947527.670711,103.000000,121350.250000,182434.460938
1696947528.670704,102.000000,121327.343750,182411.394531
1696947529.671456,104.000000,121315.886719,182399.742188
1696947530.670865,103.000000,121319.703125,182403.871094
1696947531.675538,103.000000,121316.167969,182399.742188
1696947532.676710,103.000000,121316.261719,182399.742188
1696947533.661570,104.000000,121289.484375,182372.535156
1696947534.660491,102.000000,121207.328125,182278.746094
1696947535.659838,102.000000,121182.843750,182254.269531
1696947536.660156,102.000000,121185.542969,182256.550781
1696947537.659630,102.000000,121077.406250,182136.101562
1696947538.659570,102.000000,121164.757812,182223.832031
1696947539.659665,102.000000,120647.691406,181695.757812
1696947540.659849,103.000000,120648.722656,181695.757812
1696947541.660277,101.000000,120643.695312,181690.582031
1696947542.660668,102.000000,120648.597656,181695.757812
1696947543.659484,103.000000,120648.457031,181695.757812
1696947544.659383,102.000000,120641.972656,181689.390625
1696947545.659647,101.000000,120640.757812,181687.734375
1696947546.661859,102.000000,120640.792969,181687.734375
1696947547.673329,103.000000,120640.746094,181687.734375
1696947548.670345,103.000000,120640.792969,181687.734375
1696947549.670481,103.000000,120641.808594,181691.863281
1696947550.666260,103.000000,120640.792969,181687.734375
1696947551.670171,103.000000,120619.359375,181665.898438
1696947552.670493,103.000000,120619.359375,181665.898438
1696947553.670635,103.000000,120619.359375,181665.898438
1696947554.670395,103.000000,120619.359375,181665.898438
1696947555.670042,103.000000,120515.882812,181550.652344
1696947556.669881,103.000000,120515.882812,181550.652344
1696947557.669778,103.000000,120515.882812,181550.652344
1696947558.670426,103.000000,120515.882812,181550.652344
1696947559.669701,103.000000,120515.882812,181550.652344
1696947560.670119,103.000000,120515.882812,181550.652344
1696947561.670155,103.000000,120515.882812,181550.652344
1696947562.670109,104.000000,120515.882812,181550.652344
1696947563.669983,103.000000,120516.031250,181550.652344
1696947564.670626,102.000000,120516.031250,181550.652344
1696947565.669740,104.000000,120516.046875,181550.652344
1696947566.670250,102.000000,120516.046875,181550.652344
1696947567.670416,103.000000,120516.054688,181550.652344
1696947568.670210,103.000000,120516.054688,181550.652344
1696947569.670329,103.000000,120516.054688,181550.652344
1696947570.670044,103.000000,120516.054688,181550.652344
1696947571.670234,104.000000,120516.054688,181550.652344
1696947572.671308,102.000000,120516.054688,181550.652344
1696947573.669899,103.000000,120516.054688,181550.652344
1696947574.670124,104.000000,120516.054688,181550.652344
1696947575.670255,102.000000,120516.054688,181550.652344
1696947576.670068,104.000000,120516.054688,181550.652344
1696947577.670094,103.000000,120516.054688,181550.652344
1696947578.670428,102.000000,120516.054688,181550.652344
1696947579.670208,103.000000,120516.054688,181550.652344
1696947580.670215,103.000000,120516.054688,181550.652344
1696947581.670177,104.000000,120516.054688,181550.652344
1696947582.670535,102.000000,120516.054688,181550.652344
1696947583.670051,104.000000,120516.054688,181550.652344
1696947584.670239,102.000000,120516.054688,181550.652344
1696947585.670132,104.000000,120516.054688,181550.652344
1696947586.670344,103.000000,120516.054688,181550.652344
1696947587.669886,102.000000,120516.054688,181550.652344
1696947588.670257,104.000000,120516.167969,181550.652344
1696947589.670461,103.000000,120516.167969,181550.652344
1696947590.670245,103.000000,120516.167969,181550.652344
1696947591.670229,103.000000,120516.167969,181550.652344
1696947592.670603,103.000000,120516.167969,181550.652344
1696947593.670470,103.000000,120516.167969,181550.652344
1696947594.669826,103.000000,120516.167969,181550.652344
1696947595.670363,103.000000,120516.167969,181550.652344
1696947596.670433,103.000000,120516.167969,181550.652344
1696947597.670044,103.000000,120516.167969,181550.652344
1696947598.670284,103.000000,120516.167969,181550.652344
1696947599.671610,103.000000,120516.167969,181550.652344
1696947600.670397,103.000000,120516.167969,181550.652344
1696947601.670218,103.000000,120516.167969,181550.652344
1696947602.669608,103.000000,120516.167969,181550.652344
1696947603.670610,103.000000,120516.167969,181550.652344
1696947604.670180,103.000000,120516.167969,181550.652344
1696947605.670076,103.000000,120516.167969,181550.652344
1696947606.670639,103.000000,120516.167969,181550.652344
1696947607.669476,104.000000,120516.167969,181550.652344
1696947608.670047,102.000000,120516.167969,181550.652344
1696947609.670546,103.000000,120516.167969,181550.652344
1696947610.670102,104.000000,120516.167969,181550.652344
1696947611.670262,102.000000,120516.167969,181550.652344
1696947612.669807,103.000000,120516.285156,181550.652344
1696947613.670053,104.000000,120516.285156,181550.652344
1696947614.670356,103.000000,120516.300781,181550.652344
1696947615.670842,103.000000,120516.300781,181550.652344
1696947616.670078,103.000000,120516.300781,181550.652344
1696947617.670377,103.000000,120516.300781,181550.652344
1696947618.670138,102.000000,120516.300781,181550.652344
1696947619.670162,103.000000,120516.300781,181550.652344
1696947620.670745,104.000000,120516.300781,181550.652344
1696947621.670047,102.000000,120516.300781,181550.652344
1696947622.670427,104.000000,120516.300781,181550.652344
1696947623.670501,102.000000,120516.300781,181550.652344
1696947624.670344,104.000000,120516.300781,181550.652344
1696947625.670585,102.000000,120516.300781,181550.652344
1696947626.670148,103.000000,120516.300781,181550.652344
1696947627.670285,104.000000,120516.300781,181550.652344
1696947628.670371,102.000000,120516.300781,181550.652344
1696947629.670495,103.000000,120516.300781,181550.652344
1696947630.669966,104.000000,120516.300781,181550.652344
1696947631.670387,103.000000,120516.300781,181550.652344
1696947632.670778,103.000000,120516.382812,181550.652344
1696947633.670456,103.000000,120516.382812,181550.652344
1696947634.670532,103.000000,120516.382812,181550.652344
1696947635.670181,103.000000,120516.382812,181550.652344
1696947636.670758,103.000000,120516.382812,181550.652344
1696947637.670805,103.000000,120516.382812,181550.652344
1696947638.670426,103.000000,120516.382812,181550.652344
1696947639.670578,103.000000,120516.382812,181550.652344
1696947640.670375,104.000000,120516.382812,181550.652344
1696947641.670451,103.000000,120516.382812,181550.652344
1696947642.670453,103.000000,120516.382812,181550.652344
1696947643.666483,103.000000,120516.382812,181550.652344
1696947644.670547,102.000000,120516.382812,181550.652344
1696947645.670038,103.000000,120516.382812,181550.652344
1696947646.670781,103.000000,120518.382812,181550.652344
1696947647.670217,103.000000,120518.382812,181550.652344
1696947648.670356,104.000000,120518.382812,181550.652344
1696947649.670252,102.000000,120518.382812,181550.652344
1696947650.670282,104.000000,120518.382812,181550.652344
1696947651.670084,103.000000,120518.382812,181550.652344
1696947652.670897,102.000000,120518.382812,181550.652344
1696947653.670190,104.000000,120518.382812,181550.652344
1696947654.670093,102.000000,120518.382812,181550.652344
1696947655.670427,103.000000,120518.382812,181550.652344
1696947656.670359,104.000000,120518.382812,181550.652344
1696947657.670401,102.000000,120518.382812,181550.652344
1696947658.670330,104.000000,120518.382812,181550.652344
1696947659.671469,102.000000,120518.382812,181550.652344
1696947660.670707,104.000000,120518.382812,181550.652344
1696947661.670332,103.000000,120518.382812,181550.652344
1696947662.079277,97.500000,118762.320312,179794.589844
