1696949025.856325,0.000000,103780.406250,160391.792969
1696949025.890631,121.900000,103780.406250,160391.792969
1696949026.886315,102.000000,105536.457031,162147.855469
1696949027.886006,102.000000,105536.457031,162147.855469
1696949028.886322,103.000000,105536.457031,162147.855469
1696949029.886373,103.000000,105536.457031,162147.855469
1696949030.886823,103.000000,105536.457031,162147.855469
1696949031.886448,102.000000,105536.457031,162147.855469
1696949032.886301,103.000000,105536.457031,162147.855469
1696949033.886594,102.000000,105536.457031,162147.855469
1696949034.886045,103.000000,105536.457031,162147.855469
1696949035.886091,104.000000,105536.457031,162147.855469
1696949036.886334,102.000000,105536.457031,162147.855469
1696949037.886135,103.000000,105536.457031,162147.855469
1696949038.886037,103.000000,105536.457031,162147.855469
1696949039.886306,103.000000,105536.457031,162147.855469
1696949040.886288,102.000000,105536.457031,162147.855469
1696949041.886515,103.000000,105536.457031,162147.855469
1696949042.886470,103.000000,105536.457031,162147.855469
1696949043.886151,103.000000,105536.457031,162147.855469
1696949044.886708,103.000000,105536.558594,162147.855469
1696949045.886018,102.000000,105536.558594,162147.855469
1696949046.881022,104.000000,105536.570312,162147.855469
1696949047.886514,101.000000,105536.582031,162147.855469
1696949048.886081,103.000000,105536.582031,162147.855469
1696949049.886086,103.000000,105536.582031,162147.855469
1696949050.886190,103.000000,105536.582031,162147.855469
1696949051.885919,103.000000,105536.582031,162147.855469
1696949052.885847,102.000000,105536.582031,162147.855469
1696949053.887800,103.000000,105536.582031,162147.855469
1696949054.886070,103.000000,105536.582031,162147.855469
1696949055.885972,102.000000,105536.582031,162147.855469
1696949056.885922,104.000000,105536.582031,162147.855469
1696949057.886004,102.000000,105536.582031,162147.855469
1696949058.885991,103.000000,105536.582031,162147.855469
1696949059.885905,103.000000,105536.582031,162147.855469
1696949060.886126,103.000000,105536.582031,162147.855469
1696949061.886039,102.000000,105536.582031,162147.855469
1696949062.886081,104.000000,105536.582031,162147.855469
1696949063.885911,102.000000,105536.582031,162147.855469
1696949064.887299,103.000000,105536.582031,162147.855469
1696949065.886094,103.000000,105536.683594,162147.855469
1696949066.885851,103.000000,105536.683594,162147.855469
1696949067.886007,103.000000,105536.683594,162147.855469
1696949068.886035,102.000000,105536.683594,162147.855469
1696949069.885687,103.000000,105536.683594,162147.855469
1696949070.885906,102.000000,105536.683594,162147.855469
1696949071.885781,104.000000,105536.683594,162147.855469
1696949072.886026,102.000000,105536.683594,162147.855469
1696949073.887719,103.000000,105536.683594,162147.855469
1696949074.886169,103.000000,105536.683594,162147.855469
1696949075.883337,103.000000,105536.687500,162147.855469
1696949076.886031,102.000000,105536.687500,162147.855469
1696949077.886136,103.000000,105536.687500,162147.855469
1696949078.885648,102.000000,105536.687500,162147.855469
1696949079.886104,103.000000,105536.687500,162147.855469
1696949080.886502,103.000000,105536.687500,162147.855469
1696949081.885744,103.000000,105536.687500,162147.855469
1696949082.885826,103.000000,105536.687500,162147.855469
1696949083.886687,103.000000,105536.687500,162147.855469
1696949084.885998,103.000000,105536.687500,162147.855469
1696949085.886029,103.000000,105536.878906,162147.855469
1696949086.887166,102.000000,105536.878906,162147.855469
1696949087.886061,103.000000,105536.878906,162147.855469
1696949088.886123,103.000000,105536.878906,162147.855469
1696949089.885955,103.000000,105536.878906,162147.855469
1696949090.885887,102.000000,105536.878906,162147.855469
1696949091.886056,103.000000,105536.878906,162147.855469
1696949092.885938,103.000000,105519.148438,162117.058594
1696949093.889493,102.000000,105519.148438,162117.058594
1696949094.885492,104.000000,105519.148438,162117.058594
1696949095.885410,103.000000,105519.148438,162117.058594
1696949096.885789,102.000000,105519.148438,162117.058594
1696949097.885692,103.000000,105519.148438,162117.058594
1696949098.885981,103.000000,105519.148438,162117.058594
1696949099.887147,102.000000,105519.148438,162117.058594
1696949100.885781,103.000000,105519.148438,162117.058594
1696949101.885720,103.000000,105519.148438,162117.058594
1696949102.885998,103.000000,105519.257812,162117.058594
1696949103.885484,102.000000,105519.257812,162117.058594
1696949104.885724,103.000000,105519.257812,162117.058594
1696949105.885926,104.000000,105519.269531,162117.058594
1696949106.885741,102.000000,105519.269531,162117.058594
1696949107.885814,103.000000,105519.269531,162117.058594
1696949108.886196,103.000000,105519.269531,162117.058594
1696949109.885703,102.000000,105519.269531,162117.058594
1696949110.886024,103.000000,105519.269531,162117.058594
1696949111.886234,103.000000,105519.269531,162117.058594
1696949112.885850,103.000000,105519.269531,162117.058594
1696949113.886236,102.000000,105519.269531,162117.058594
1696949114.885769,103.000000,105519.269531,162117.058594
1696949115.885621,103.000000,105519.269531,162117.058594
1696949116.885810,103.000000,105519.269531,162117.058594
1696949117.886286,103.000000,105519.269531,162117.058594
1696949118.885814,102.000000,105519.269531,162117.058594
1696949119.886090,103.000000,105519.269531,162117.058594
1696949120.886263,103.000000,105519.269531,162117.058594
1696949121.885449,103.000000,105519.269531,162117.058594
1696949122.885888,103.000000,105519.269531,162117.058594
1696949123.885176,102.000000,105519.269531,162117.058594
1696949124.885604,103.000000,105519.269531,162117.058594
1696949125.885985,103.000000,105519.269531,162117.058594
1696949126.885983,102.000000,105519.269531,162117.058594
1696949127.885400,104.000000,105519.269531,162117.058594
1696949128.885824,102.000000,105519.269531,162117.058594
1696949129.885943,103.000000,105519.269531,162117.058594
1696949130.885595,103.000000,105519.269531,162117.058594
1696949131.886076,102.000000,105519.269531,162117.058594
1696949132.886007,103.000000,105519.464844,162117.058594
1696949133.886961,103.000000,105519.464844,162117.058594
1696949134.885859,103.000000,105519.464844,162117.058594
1696949135.885929,102.000000,105519.464844,162117.058594
1696949136.885756,104.000000,105519.464844,162117.058594
1696949137.886235,102.000000,105519.464844,162117.058594
1696949138.885922,103.000000,105519.464844,162117.058594
1696949139.885925,103.000000,105519.464844,162117.058594
1696949140.885883,103.000000,105519.464844,162117.058594
1696949141.885966,102.000000,105519.464844,162117.058594
1696949142.885942,103.000000,105519.464844,162117.058594
1696949143.886332,103.000000,105519.464844,162117.058594
1696949144.887297,102.000000,105519.464844,162117.058594
1696949145.886104,103.000000,105519.464844,162117.058594
1696949146.885672,103.000000,105519.464844,162117.058594
1696949147.885887,103.000000,105519.464844,162117.058594
1696949148.885799,95.000000,105519.464844,162117.058594
1696949149.886009,102.000000,105519.628906,162117.058594
1696949150.886064,104.000000,105519.628906,162117.058594
1696949151.886191,102.000000,105519.636719,162117.058594
1696949152.885856,103.000000,105519.636719,162117.058594
1696949153.885849,103.000000,105519.636719,162117.058594
1696949154.887518,102.800000,105519.636719,162117.058594
1696949155.885985,103.200000,105519.636719,162117.058594
1696949156.887239,103.000000,105519.636719,162117.058594
1696949157.885835,102.000000,105519.636719,162117.058594
1696949158.886280,103.000000,105519.636719,162117.058594
1696949159.885359,103.000000,105519.636719,162117.058594
1696949160.885926,102.000000,105519.636719,162117.058594
1696949161.886289,103.000000,105519.636719,162117.058594
1696949162.885810,103.000000,105519.636719,162117.058594
1696949163.888083,103.000000,105519.636719,162117.058594
1696949164.886073,103.000000,105519.816406,162117.058594
1696949165.885839,102.000000,105519.906250,162117.058594
1696949166.885947,103.000000,105519.906250,162117.058594
1696949167.885836,103.000000,105519.906250,162117.058594
1696949168.886295,102.000000,105519.906250,162117.058594
1696949169.886333,104.000000,105519.906250,162117.058594
1696949170.886050,103.000000,105519.906250,162117.058594
1696949171.886234,102.000000,105519.906250,162117.058594
1696949172.550942,96.300000,103763.843750,160360.996094
