1696946918.668065,0.000000,132907.835938,201712.828125
1696946918.706651,136.800000,132903.425781,201637.429688
1696946919.700941,102.000000,132309.433594,199715.929688
1696946920.699417,103.000000,133632.914062,200337.730469
1696946921.700043,103.000000,134560.671875,200698.597656
1696946922.703194,103.000000,135093.855469,200703.191406
1696946923.700195,103.000000,134913.511719,199870.027344
1696946924.700694,103.000000,135036.996094,199335.980469
1696946925.701918,104.000000,135711.093750,199839.500000
1696946926.699572,103.000000,136264.019531,199756.878906
1696946927.702275,102.000000,137043.332031,200028.394531
1696946928.700404,104.000000,137465.765625,200577.414062
1696946929.699560,102.000000,137115.664062,200091.078125
1696946930.699623,104.000000,137591.339844,199859.242188
1696946931.700090,103.000000,137679.781250,200324.035156
1696946932.703597,103.000000,137957.171875,200182.675781
1696946933.699396,103.000000,137794.980469,200048.066406
1696946934.700718,104.000000,137752.328125,200214.304688
1696946935.699889,102.000000,137479.218750,199653.222656
1696946936.699421,103.000000,137822.296875,200343.695312
1696946937.700234,104.000000,137916.917969,200196.605469
1696946938.698509,103.000000,137272.476562,199333.390625
1696946939.702418,102.000000,137733.152344,200012.285156
1696946940.699974,104.000000,137804.445312,200247.007812
1696946941.701352,103.000000,137452.578125,199756.230469
1696946942.699434,103.000000,138042.996094,200518.019531
1696946943.701837,102.000000,137675.246094,200068.738281
1696946944.699001,104.000000,137929.578125,200292.996094
1696946945.702800,103.000000,137861.636719,200943.835938
1696946946.699196,103.000000,137535.269531,199852.671875
1696946947.701714,103.000000,136709.187500,199172.546875
1696946948.700107,104.000000,136872.796875,199158.890625
1696946949.700102,103.000000,136714.750000,198740.632812
1696946950.699965,103.000000,133119.554688,195634.640625
1696946951.698759,103.000000,131486.375000,193904.773438
1696946952.698776,103.000000,129155.636719,191753.046875
1696946953.698186,103.000000,128868.468750,190915.335938
1696946954.699452,103.000000,128974.667969,191273.800781
1696946955.697880,103.000000,126179.792969,188374.410156
1696946956.699918,103.000000,125869.761719,188284.839844
1696946957.699824,103.000000,123537.027344,185987.175781
1696946958.694262,103.000000,123839.035156,186402.792969
1696946959.696736,103.000000,123528.656250,185524.675781
1696946960.698592,103.000000,123190.367188,185557.046875
1696946961.696934,103.000000,123070.734375,185479.558594
1696946962.696864,102.000000,122879.875000,185375.324219
1696946963.695900,103.000000,122848.421875,184843.039062
1696946964.698021,103.000000,123148.558594,185362.062500
1696946965.695775,102.000000,122747.375000,184815.199219
1696946966.697461,103.000000,122955.625000,185316.585938
1696946967.697630,104.000000,123062.484375,185162.675781
1696946968.696570,102.000000,123412.832031,186046.960938
1696946969.699907,103.000000,123152.007812,185426.250000
1696946970.696558,103.000000,122744.496094,184997.625000
1696946971.696932,102.000000,122840.949219,185227.734375
1696946972.696249,103.000000,122822.953125,185059.007812
1696946973.696249,103.000000,122623.890625,184552.437500
1696946974.695475,102.000000,122839.433594,185058.972656
1696946975.696480,103.000000,122474.656250,184416.390625
1696946976.695960,103.000000,122563.945312,184539.757812
1696946977.698178,103.000000,122717.351562,184810.062500
1696946978.697372,102.000000,122554.339844,184402.398438
1696946979.698244,103.000000,123359.515625,186009.296875
1696946980.696407,103.000000,122454.085938,184304.050781
1696946981.698297,102.000000,122397.089844,184390.578125
1696946982.697276,104.000000,122824.605469,184851.949219
1696946983.696972,102.000000,122779.171875,184981.386719
1696946984.700336,103.000000,122963.816406,185096.300781
1696946985.697574,103.000000,122626.953125,184704.128906
1696946986.696125,102.000000,122883.609375,185107.003906
1696946987.696323,103.000000,123216.156250,185898.562500
1696946988.695603,103.000000,122308.937500,184018.503906
1696946989.700638,103.000000,122787.246094,184855.230469
1696946990.695961,103.000000,122858.726562,185266.113281
1696946991.696524,102.000000,123120.687500,185231.027344
1696946992.694909,103.000000,122970.507812,185440.800781
1696946993.698582,102.000000,122545.113281,184616.261719
1696946994.696544,103.000000,122909.179688,185322.207031
1696946995.695835,103.000000,122895.386719,185086.273438
1696946996.709341,102.000000,122884.972656,185084.875000
1696946997.707731,104.000000,122926.031250,185400.753906
1696946998.706379,105.000000,122525.761719,184835.625000
1696946999.696838,103.000000,123120.582031,185407.718750
1696947000.696473,103.000000,122780.285156,185067.890625
1696947001.700707,103.000000,123019.886719,185160.058594
1696947002.697423,103.000000,122645.246094,184757.160156
1696947003.709314,102.000000,122692.828125,185123.734375
1696947004.709733,104.000000,122871.535156,185084.464844
1696947005.712385,104.000000,122833.496094,184912.132812
1696947006.700997,105.000000,122694.027344,184773.789062
1696947007.696515,103.000000,123029.730469,185246.660156
1696947008.696965,103.000000,122565.109375,184979.027344
1696947009.700243,103.000000,122942.261719,185088.042969
1696947010.707267,102.000000,123045.722656,185482.734375
1696947011.696675,104.000000,122833.191406,184708.273438
1696947012.696367,103.000000,122847.210938,184900.898438
1696947013.705941,102.000000,122647.410156,184722.937500
1696947014.694950,104.000000,122942.390625,185080.351562
1696947015.697013,103.000000,122804.859375,184837.023438
1696947016.705703,103.000000,122861.203125,184844.964844
1696947017.696381,102.000000,122761.804688,184873.789062
1696947018.695948,104.000000,122911.968750,185442.722656
1696947019.704234,102.000000,123056.316406,185252.039062
1696947020.705109,104.000000,122955.261719,185396.574219
1696947021.705511,103.000000,122701.089844,184533.656250
1696947022.702973,104.000000,122761.531250,184736.023438
1696947023.700016,103.000000,123011.558594,186073.093750
1696947024.705078,103.000000,122605.308594,184480.132812
1696947025.708661,103.000000,123416.484375,186125.917969
1696947026.702364,104.000000,123150.078125,185600.164062
1696947027.698771,103.000000,122875.156250,185054.441406
1696947028.695808,104.000000,122623.867188,184914.093750
1696947029.707118,102.000000,123087.402344,185569.679688
1696947030.706464,104.000000,122488.351562,184564.632812
1696947031.696624,104.000000,123140.949219,185776.371094
1696947032.696821,102.000000,123119.519531,185509.429688
1696947033.705591,103.000000,122946.082031,185361.761719
1696947034.708494,104.000000,122843.261719,185461.609375
1696947035.710186,103.000000,122702.378906,184831.792969
1696947036.696115,105.000000,122510.683594,184516.789062
1696947037.698472,102.000000,123018.757812,185223.859375
1696947038.703876,103.000000,122533.015625,184560.781250
1696947039.698565,103.000000,122560.449219,184342.945312
1696947040.706534,104.000000,123020.941406,185263.671875
1696947041.699126,103.000000,122793.550781,185032.886719
1696947042.699275,103.000000,122445.160156,184322.714844
1696947043.697401,103.000000,122817.769531,185020.558594
1696947044.698894,103.000000,122680.863281,185038.820312
1696947045.705315,103.000000,122811.730469,185056.757812
1696947046.697262,103.000000,122878.015625,185025.796875
1696947047.697163,103.000000,122914.605469,185194.847656
1696947048.697381,103.000000,123139.757812,185795.527344
1696947049.696328,102.000000,122654.472656,184737.324219
1696947050.696201,103.000000,122725.652344,185102.902344
1696947051.696090,103.000000,122315.277344,184069.261719
1696947052.696743,103.000000,122823.898438,184708.273438
1696947053.697549,102.000000,122693.195312,184695.253906
1696947054.701142,103.000000,123138.398438,185969.085938
1696947055.697497,103.000000,122751.687500,184879.929688
1696947056.696029,103.000000,123020.238281,185298.406250
1696947057.698580,102.000000,122927.984375,185204.667969
1696947058.696775,103.000000,122690.964844,184531.812500
1696947059.697570,103.000000,122464.750000,184495.101562
1696947060.697233,103.000000,123032.097656,185221.597656
1696947061.697646,103.000000,122830.832031,185306.652344
1696947062.705524,102.000000,122748.085938,184697.093750
1696947063.705347,104.000000,122653.199219,184566.667969
1696947064.701946,103.000000,123082.496094,185219.847656
1696947065.697615,104.000000,122932.011719,185317.035156
1696947066.696218,103.000000,122560.148438,184341.121094
1696947067.706225,103.000000,122987.035156,185632.960938
1696947068.705598,103.000000,122770.179688,184600.222656
1696947069.696348,103.000000,122825.085938,185020.429688
1696947070.697291,104.000000,122623.414062,184759.199219
1696947071.696449,102.000000,123173.535156,185449.121094
1696947072.697143,103.000000,122800.484375,184858.972656
1696947073.697297,102.000000,122783.917969,184925.347656
1696947074.696425,103.000000,123020.769531,185385.105469
1696947075.697141,103.000000,122943.148438,185275.906250
1696947076.697531,102.000000,123013.386719,185400.796875
1696947077.696229,104.000000,123018.468750,185279.769531
1696947078.696182,102.000000,122958.925781,185308.867188
1696947079.695970,103.000000,122880.273438,185099.566406
1696947080.697282,102.000000,122861.628906,184875.484375
1696947081.696362,103.000000,122777.457031,184763.925781
1696947082.700106,103.000000,122518.082031,184706.089844
1696947083.695543,102.000000,122044.054688,183880.273438
1696947084.709471,103.000000,122754.683594,185262.718750
1696947085.697029,104.000000,123020.371094,185035.785156
1696947086.217613,97.100000,121201.277344,183430.261719
