1696947276.330583,0.000000,120628.453125,182448.996094
1696947276.361661,73.900000,120639.035156,182456.183594
1696947277.357287,102.000000,121905.695312,183642.675781
1696947278.374530,103.000000,122229.136719,183935.492188
1696947279.370511,104.000000,122730.457031,184788.898438
1696947280.365512,104.000000,122259.039062,184056.753906
1696947281.361489,103.000000,122301.835938,184187.652344
1696947282.360743,103.000000,122174.734375,184081.062500
1696947283.360207,103.000000,121854.464844,183412.273438
1696947284.368089,103.000000,121724.476562,183614.753906
1696947285.372738,104.000000,121988.308594,183748.734375
1696947286.357357,104.000000,121756.972656,183580.136719
1696947287.358732,103.000000,122032.960938,184110.031250
1696947288.357199,103.000000,121903.925781,183791.535156
1696947289.358620,103.000000,121617.628906,183245.656250
1696947290.366605,102.000000,121962.902344,183989.011719
1696947291.368508,103.000000,121554.023438,183113.160156
1696947292.358301,104.000000,121772.222656,183576.144531
1696947293.356838,103.000000,121631.371094,183474.812500
1696947294.367769,103.000000,121897.371094,183575.710938
1696947295.357811,103.000000,121593.792969,183269.992188
1696947296.355897,102.000000,122116.531250,184335.113281
1696947297.358308,103.000000,121863.285156,183677.605469
1696947298.359012,103.000000,121540.269531,183494.472656
1696947299.365054,102.000000,121935.726562,183575.710938
1696947300.370407,103.000000,121607.750000,183245.625000
1696947301.369004,105.000000,121816.488281,183977.640625
1696947302.365970,103.000000,121955.578125,183817.464844
1696947303.364316,103.000000,121733.492188,183300.800781
1696947304.359020,103.000000,121764.257812,183801.140625
1696947305.360632,103.000000,121848.890625,183410.429688
1696947306.358751,103.000000,121977.187500,184140.109375
1696947307.360953,103.000000,121880.570312,184162.351562
1696947308.357106,103.000000,121783.679688,183580.156250
1696947309.356712,102.000000,121581.175781,183338.042969
1696947310.357108,103.000000,121742.964844,183434.562500
1696947311.356722,103.000000,121574.265625,183057.507812
1696947312.357036,102.000000,121642.433594,183455.156250
1696947313.357044,102.000000,121832.207031,183837.183594
1696947314.355297,103.000000,121450.511719,182897.121094
1696947315.357660,103.000000,121588.648438,183245.582031
1696947316.358435,102.000000,121886.007812,183429.210938
1696947317.357191,103.000000,121813.699219,183617.328125
1696947318.367480,102.000000,121631.714844,183655.703125
1696947319.365372,104.000000,121825.683594,183748.265625
1696947320.359885,103.000000,121952.113281,183786.648438
1696947321.358902,102.000000,121841.039062,183624.523438
1696947322.358289,104.000000,121525.363281,183265.605469
1696947323.365838,102.000000,121588.914062,183073.582031
1696947324.367348,104.000000,121388.753906,183132.570312
1696947325.370363,103.000000,121374.335938,182815.953125
1696947326.361185,104.000000,121525.695312,183097.601562
1696947327.356319,104.000000,121152.585938,182777.773438
1696947328.365375,102.000000,121673.011719,183502.355469
1696947329.357007,103.000000,121232.402344,182640.984375
1696947330.372330,102.000000,121398.410156,183123.488281
1696947331.357455,105.000000,121520.101562,183081.828125
1696947332.363100,102.000000,120949.531250,182338.582031
1696947333.367498,104.000000,121277.699219,183140.601562
1696947334.365610,103.000000,121724.449219,183360.753906
1696947335.359568,104.000000,121353.386719,182763.351562
1696947336.357805,102.000000,121211.761719,182735.812500
1696947337.364774,103.000000,121470.914062,182923.738281
1696947338.363660,103.000000,121279.570312,183135.082031
1696947339.359101,103.000000,121353.398438,183151.207031
1696947340.370082,103.000000,121423.382812,182985.386719
1696947341.372776,103.000000,121336.414062,182747.277344
1696947342.356890,105.000000,121401.757812,183135.960938
1696947343.354953,102.000000,121077.738281,182410.429688
1696947344.358122,102.000000,121177.859375,182793.789062
1696947345.369329,103.000000,120817.132812,182186.902344
1696947346.367095,105.000000,121103.796875,182442.578125
1696947347.355857,103.000000,121293.093750,182637.820312
1696947348.366061,103.000000,121045.453125,182461.359375
1696947349.366505,103.000000,121014.597656,182642.265625
1696947350.369502,103.000000,120743.011719,182168.101562
1696947351.363881,104.000000,121262.132812,182825.914062
1696947352.362575,102.900000,121113.140625,182442.578125
1696947353.355293,104.000000,121165.535156,182630.695312
1696947354.354449,102.000000,121012.277344,182574.878906
1696947355.359376,102.000000,121370.878906,183209.253906
1696947356.358648,102.000000,121209.066406,183081.726562
1696947357.356546,103.000000,121027.730469,182454.250000
1696947358.355520,103.000000,120980.562500,182266.117188
1696947359.358657,102.000000,121036.429688,182512.187500
1696947360.357544,103.000000,120795.398438,182108.437500
1696947361.355657,102.000000,120568.261719,181736.734375
1696947362.359756,103.000000,120838.218750,182089.656250
1696947363.357735,103.000000,121076.593750,182649.433594
1696947364.356406,101.900000,120973.605469,182266.117188
1696947365.355582,102.000000,120793.218750,182296.511719
1696947366.353987,102.000000,120886.164062,182277.789062
1696947367.354711,103.000000,120370.976562,181736.382812
1696947368.355977,103.000000,120622.988281,182120.160156
1696947369.356012,102.000000,120564.148438,181736.734375
1696947370.354512,102.000000,120700.753906,181913.195312
1696947371.354118,103.000000,120883.269531,182303.679688
1696947372.354971,102.000000,120369.386719,181579.054688
1696947373.354133,103.000000,120588.117188,182245.593750
1696947374.355385,102.000000,120732.183594,182101.312500
1696947375.355513,102.000000,120774.968750,182108.437500
1696947376.354967,102.000000,120425.230469,181560.273438
1696947377.354530,103.000000,120563.136719,181736.734375
1696947378.352523,101.000000,120506.382812,181815.253906
1696947379.364936,103.000000,120650.796875,182308.195312
1696947380.364729,103.000000,120565.937500,181736.734375
1696947381.362927,104.000000,120567.937500,181736.734375
1696947382.353693,102.000000,120729.433594,182108.511719
1696947383.356117,102.000000,120659.097656,182185.101562
1696947384.355981,103.000000,120530.300781,181936.523438
1696947385.360665,102.000000,120703.234375,181913.195312
1696947386.360200,102.900000,120636.398438,181931.976562
1696947387.365693,103.000000,120812.941406,182296.554688
1696947388.363624,103.000000,120788.007812,182108.437500
1696947389.365428,103.000000,120473.503906,181812.910156
1696947390.363811,104.000000,120546.070312,181846.011719
1696947391.363119,103.000000,120696.585938,181913.195312
1696947392.364183,103.000000,120467.843750,181815.222656
1696947393.357370,104.000000,120423.800781,181560.273438
1696947394.364850,102.000000,120545.003906,181919.968750
1696947395.366361,104.000000,120427.238281,181560.273438
1696947396.365347,103.000000,120634.796875,182120.183594
1696947397.364235,103.000000,120425.734375,181560.273438
1696947398.359095,104.000000,120286.714844,181383.812500
1696947399.363941,103.000000,120243.511719,181462.265625
1696947400.365191,103.000000,120189.207031,181583.500000
1696947401.370219,103.900000,120323.664062,181568.347656
1696947402.355914,103.000000,120290.078125,181571.886719
1696947403.354126,103.100000,120035.113281,181092.167969
1696947404.352717,102.000000,120152.214844,181207.351562
1696947405.363527,102.000000,120353.562500,181571.894531
1696947406.364807,103.000000,120185.285156,181395.468750
1696947407.363363,104.000000,120387.050781,181481.433594
1696947408.364341,103.000000,120266.988281,181304.972656
1696947409.362125,103.000000,120150.488281,181207.351562
1696947410.367074,101.900000,120420.472656,181767.164062
1696947411.364104,105.000000,120367.542969,181579.054688
1696947412.364230,102.100000,120175.304688,181583.500000
1696947413.362509,104.000000,120176.187500,181328.039062
1696947414.366590,103.000000,120298.667969,181579.042969
1696947415.366140,103.000000,120018.523438,181030.890625
1696947416.359514,104.000000,120360.386719,181571.894531
1696947417.354794,102.000000,120414.960938,181579.054688
1696947418.353679,102.000000,120015.757812,181030.890625
1696947419.357562,103.000000,120101.101562,181226.132812
1696947420.354129,102.000000,120292.281250,181383.812500
1696947421.368144,103.000000,120154.621094,181207.351562
1696947422.364641,103.000000,120071.546875,181219.007812
1696947423.368067,104.000000,120017.203125,181030.890625
1696947424.363148,103.000000,120017.617188,181030.890625
1696947425.362490,103.000000,119835.316406,180932.894531
1696947426.362978,104.000000,119740.925781,180677.968750
1696947427.363440,103.000000,119604.460938,180501.507812
1696947428.363264,103.000000,119604.726562,180501.507812
1696947429.362606,104.000000,119604.933594,180501.507812
1696947430.362625,103.000000,119468.328125,180325.046875
1696947431.362064,102.000000,119511.578125,180489.500000
1696947432.361907,103.000000,119467.789062,180325.046875
1696947433.362170,105.000000,119329.632812,180148.585938
1696947434.362566,102.000000,119466.031250,180325.046875
1696947435.362219,103.000000,119466.031250,180325.046875
1696947436.362520,104.000000,119466.238281,180325.046875
1696947437.362129,102.000000,119365.718750,180336.734375
1696947438.362222,103.000000,119466.382812,180325.046875
1696947439.362020,104.000000,119466.382812,180325.046875
1696947440.362911,102.000000,119483.304688,180489.593750
1696947441.362078,104.000000,119448.785156,180294.253906
1696947442.361611,102.000000,119312.570312,180117.792969
1696947443.361225,104.000000,119531.527344,180489.496094
1696947444.362127,102.000000,119449.191406,180294.253906
1696947445.361780,104.000000,119449.191406,180294.253906
1696947445.456029,49.300000,117693.128906,178538.191406
