1696948177.537671,0.000000,102391.996094,158806.125000
1696948177.570271,154.800000,102391.996094,158806.125000
1696948178.566428,101.000000,104148.058594,160562.187500
1696948179.566753,103.000000,104148.058594,160562.187500
1696948180.566425,103.000000,104148.058594,160562.187500
1696948181.566594,102.000000,104148.058594,160562.187500
1696948182.566306,103.000000,104148.058594,160562.187500
1696948183.567362,103.000000,104148.058594,160562.187500
1696948184.567824,103.000000,104148.058594,160562.187500
1696948185.571468,102.000000,104148.058594,160562.187500
1696948186.566266,103.000000,104148.058594,160562.187500
1696948187.567146,103.000000,104148.058594,160562.187500
1696948188.566443,102.000000,104148.058594,160562.187500
1696948189.566321,104.000000,104148.058594,160562.187500
1696948190.566160,102.000000,104148.058594,160562.187500
1696948191.566556,102.000000,104148.058594,160562.187500
1696948192.566821,104.000000,104148.058594,160562.187500
1696948193.566392,102.000000,104148.058594,160562.187500
1696948194.566806,102.000000,104148.058594,160562.187500
1696948195.566826,103.000000,104148.058594,160562.187500
1696948196.566619,103.000000,104148.058594,160562.187500
1696948197.566445,103.000000,104148.058594,160562.187500
1696948198.566587,103.000000,104148.058594,160562.187500
1696948199.566749,103.000000,104148.058594,160562.187500
1696948200.566591,102.000000,104148.058594,160562.187500
1696948201.570668,103.000000,104148.058594,160562.187500
1696948202.573883,102.900000,104148.058594,160562.187500
1696948203.566160,103.100000,104148.058594,160562.187500
1696948204.566612,102.000000,104148.058594,160562.187500
1696948205.566445,104.000000,104148.058594,160562.187500
1696948206.566357,103.000000,104148.058594,160562.187500
1696948207.566394,102.000000,104148.058594,160562.187500
1696948208.566590,103.000000,104148.058594,160562.187500
1696948209.567735,102.000000,104148.058594,160562.187500
1696948210.566417,103.000000,104148.058594,160562.187500
1696948211.566193,103.000000,104148.058594,160562.187500
1696948212.566462,102.000000,104148.058594,160562.187500
1696948213.567055,103.000000,104148.058594,160562.187500
1696948214.565818,103.000000,104148.058594,160562.187500
1696948215.566124,102.000000,104148.058594,160562.187500
1696948216.566306,103.000000,104148.058594,160562.187500
1696948217.567684,103.000000,104148.058594,160562.187500
1696948218.566713,103.000000,104148.058594,160562.187500
1696948219.566306,102.000000,104148.058594,160562.187500
1696948220.566630,103.000000,104148.058594,160562.187500
1696948221.566529,103.000000,104148.058594,160562.187500
1696948222.566653,102.000000,104148.058594,160562.187500
1696948223.566617,103.000000,104148.058594,160562.187500
1696948224.566171,103.000000,104148.058594,160562.187500
1696948225.567388,103.000000,104148.058594,160562.187500
1696948226.567219,102.000000,104148.058594,160562.187500
1696948227.566261,103.000000,104148.058594,160562.187500
1696948228.566514,103.000000,104148.058594,160562.187500
1696948229.566390,103.000000,104148.058594,160562.187500
1696948230.566384,102.000000,104148.058594,160562.187500
1696948231.566411,103.000000,104148.058594,160562.187500
1696948232.566605,102.000000,104148.058594,160562.187500
1696948233.567568,103.000000,104148.058594,160562.187500
1696948234.567089,103.000000,104148.058594,160562.187500
1696948235.566348,103.000000,104148.058594,160562.187500
1696948236.566593,102.000000,104148.058594,160562.187500
1696948237.566647,103.000000,104148.058594,160562.187500
1696948238.566386,102.000000,104148.058594,160562.187500
1696948239.566567,104.000000,104148.058594,160562.187500
1696948240.566840,102.000000,104148.058594,160562.187500
1696948241.567643,103.000000,104148.058594,160562.187500
1696948242.566781,103.000000,104148.058594,160562.187500
1696948243.566756,102.000000,104148.058594,160562.187500
1696948244.566554,103.000000,104148.058594,160562.187500
1696948245.566815,103.000000,104148.058594,160562.187500
1696948246.566472,102.000000,104148.058594,160562.187500
1696948247.566411,103.000000,104148.058594,160562.187500
1696948248.566470,103.000000,104148.058594,160562.187500
1696948249.567423,102.000000,104148.058594,160562.187500
1696948250.567054,103.000000,104148.058594,160562.187500
1696948251.566487,103.000000,104148.058594,160562.187500
1696948252.566371,103.000000,104148.058594,160562.187500
1696948253.566473,103.000000,104148.058594,160562.187500
1696948254.566575,102.000000,104148.058594,160562.187500
1696948255.566443,103.000000,104148.058594,160562.187500
1696948256.566807,103.000000,104148.058594,160562.187500
1696948257.568516,102.000000,104148.058594,160562.187500
1696948258.566397,103.000000,104148.058594,160562.187500
1696948259.566374,102.000000,104148.058594,160562.187500
1696948260.566327,103.000000,104148.058594,160562.187500
1696948261.567103,103.000000,104148.058594,160562.187500
1696948262.566314,102.000000,104148.058594,160562.187500
1696948263.566203,103.000000,104148.058594,160562.187500
1696948264.566507,103.000000,104148.058594,160562.187500
1696948265.568507,102.000000,104148.058594,160562.187500
1696948266.566920,104.000000,104148.058594,160562.187500
1696948267.566343,102.000000,104148.058594,160562.187500
1696948268.566725,103.000000,104148.058594,160562.187500
1696948269.566567,103.000000,104148.058594,160562.187500
1696948270.563162,102.000000,104148.058594,160562.187500
1696948271.566330,103.000000,104148.058594,160562.187500
1696948272.566455,103.000000,104148.058594,160562.187500
1696948273.566483,102.000000,104148.058594,160562.187500
1696948274.566998,103.000000,104148.058594,160562.187500
1696948275.568418,98.000000,104148.058594,160562.187500
1696948276.566378,102.000000,104148.058594,160562.187500
1696948277.566430,104.000000,104148.058594,160562.187500
1696948278.566504,102.000000,104148.058594,160562.187500
1696948279.566257,103.000000,104148.058594,160562.187500
1696948280.566995,102.000000,104148.058594,160562.187500
1696948281.566497,103.000000,104148.058594,160562.187500
1696948282.566442,102.000000,104148.058594,160562.187500
1696948283.566825,104.000000,104148.058594,160562.187500
1696948284.566446,102.000000,104148.058594,160562.187500
1696948285.566399,103.000000,104148.058594,160562.187500
1696948286.566549,102.000000,104148.058594,160562.187500
1696948287.566728,103.000000,104148.058594,160562.187500
1696948288.568681,104.000000,104148.058594,160562.187500
1696948289.566640,102.000000,104148.058594,160562.187500
1696948290.566635,103.000000,104148.058594,160562.187500
1696948291.566731,102.000000,104148.058594,160562.187500
1696948292.566488,103.000000,104148.058594,160562.187500
1696948293.568848,103.000000,104148.058594,160562.187500
1696948294.566619,103.000000,104148.058594,160562.187500
1696948295.566289,103.000000,104148.058594,160562.187500
1696948296.568498,102.000000,104148.058594,160562.187500
1696948297.566602,103.000000,104148.058594,160562.187500
1696948298.566497,102.000000,104148.058594,160562.187500
1696948299.566418,103.000000,104148.058594,160562.187500
1696948300.566421,103.000000,104148.058594,160562.187500
1696948301.566475,102.000000,104148.058594,160562.187500
1696948302.566280,103.000000,104148.058594,160562.187500
1696948303.566879,103.000000,104148.058594,160562.187500
1696948304.567035,103.000000,104148.058594,160562.187500
1696948305.566372,101.000000,104148.058594,160562.187500
1696948306.566428,102.000000,104148.058594,160562.187500
1696948307.566615,103.000000,104148.058594,160562.187500
1696948308.566662,103.000000,104148.058594,160562.187500
1696948309.566824,102.000000,104148.058594,160562.187500
1696948310.566651,103.000000,104148.058594,160562.187500
1696948311.566327,103.000000,104148.058594,160562.187500
1696948312.566744,102.000000,104148.058594,160562.187500
1696948313.566591,103.000000,104148.058594,160562.187500
1696948314.568701,102.000000,104148.058594,160562.187500
1696948315.566433,103.000000,104148.058594,160562.187500
1696948316.566436,103.000000,104148.058594,160562.187500
1696948317.566554,103.000000,104148.058594,160562.187500
1696948318.566793,102.000000,104148.058594,160562.187500
1696948319.566226,103.000000,104148.058594,160562.187500
1696948320.566328,103.000000,104148.058594,160562.187500
1696948321.566099,102.000000,104148.058594,160562.187500
1696948322.566773,103.000000,104148.058594,160562.187500
1696948323.221466,96.600000,102391.996094,158806.125000
