1696948464.757482,0.000000,118713.949219,179702.207031
1696948464.791745,104.400000,118713.949219,179702.207031
1696948465.788660,101.000000,120469.800781,181458.269531
1696948466.788335,104.000000,120469.800781,181458.269531
1696948467.788147,102.000000,120469.800781,181458.269531
1696948468.788350,103.000000,120469.800781,181458.269531
1696948469.788410,103.000000,120469.800781,181458.269531
1696948470.788447,103.000000,120469.800781,181458.269531
1696948471.788233,103.000000,120469.800781,181458.269531
1696948472.789304,102.000000,120470.011719,181458.269531
1696948473.788321,104.000000,120470.011719,181458.269531
1696948474.788378,103.000000,120470.011719,181458.269531
1696948475.788424,103.000000,120470.011719,181458.269531
1696948476.788278,103.000000,120470.011719,181458.269531
1696948477.788362,103.000000,120470.011719,181458.269531
1696948478.788275,103.000000,120470.011719,181458.269531
1696948479.792205,102.000000,120470.011719,181458.269531
1696948480.790404,103.000000,120470.011719,181458.269531
1696948481.788621,104.000000,120470.011719,181458.269531
1696948482.788438,103.000000,120470.011719,181458.269531
1696948483.790924,103.000000,120470.011719,181458.269531
1696948484.790210,103.000000,120470.011719,181458.269531
1696948485.788747,103.000000,120470.011719,181458.269531
1696948486.788387,103.000000,120470.011719,181458.269531
1696948487.788650,102.000000,120470.011719,181458.269531
1696948488.788529,104.000000,120470.011719,181458.269531
1696948489.785844,102.000000,120470.011719,181458.269531
1696948490.788532,103.000000,120470.011719,181458.269531
1696948491.788458,104.000000,120470.011719,181458.269531
1696948492.788542,102.000000,120470.011719,181458.269531
1696948493.788558,103.000000,120470.011719,181458.269531
1696948494.788437,103.000000,120470.011719,181458.269531
1696948495.788342,103.000000,120470.011719,181458.269531
1696948496.788741,103.000000,120470.011719,181458.269531
1696948497.788266,102.000000,120470.011719,181458.269531
1696948498.788531,103.000000,120470.011719,181458.269531
1696948499.790323,104.000000,120470.011719,181458.269531
1696948500.788421,103.000000,120470.011719,181458.269531
1696948501.788611,102.000000,120470.011719,181458.269531
1696948502.789073,104.000000,120470.011719,181458.269531
1696948503.789375,103.000000,120470.011719,181458.269531
1696948504.788719,103.000000,120470.011719,181458.269531
1696948505.788334,103.000000,120470.011719,181458.269531
1696948506.788332,102.000000,120470.011719,181458.269531
1696948507.788475,103.000000,120470.011719,181458.269531
1696948508.788661,103.000000,120470.011719,181458.269531
1696948509.788371,103.000000,120470.011719,181458.269531
1696948510.789618,103.000000,120470.011719,181458.269531
1696948511.788552,103.000000,120470.011719,181458.269531
1696948512.788551,103.000000,120470.011719,181458.269531
1696948513.788706,103.000000,120470.011719,181458.269531
1696948514.788553,103.000000,120470.011719,181458.269531
1696948515.788331,102.000000,120470.011719,181458.269531
1696948516.788492,104.000000,120470.011719,181458.269531
1696948517.788613,103.000000,120470.011719,181458.269531
1696948518.794539,102.000000,120470.011719,181458.269531
1696948519.788410,104.000000,120470.011719,181458.269531
1696948520.788644,103.000000,120470.011719,181458.269531
1696948521.788287,103.000000,120470.011719,181458.269531
1696948522.788375,102.000000,120470.011719,181458.269531
1696948523.792438,103.600000,120470.011719,181458.269531
1696948524.788861,103.400000,120470.011719,181458.269531
1696948525.788524,103.000000,120470.011719,181458.269531
1696948526.789797,103.000000,120470.011719,181458.269531
1696948527.793651,103.000000,120470.011719,181458.269531
1696948528.789403,103.000000,120470.011719,181458.269531
1696948529.788830,103.000000,120470.011719,181458.269531
1696948530.788235,103.000000,120470.011719,181458.269531
1696948531.788723,103.000000,120470.011719,181458.269531
1696948532.789231,103.000000,120470.011719,181458.269531
1696948533.788327,103.000000,120470.011719,181458.269531
1696948534.788481,103.000000,120470.011719,181458.269531
1696948535.790269,103.000000,120470.011719,181458.269531
1696948536.788978,103.000000,120470.011719,181458.269531
1696948537.788696,103.000000,120470.011719,181458.269531
1696948538.788430,102.000000,120470.011719,181458.269531
1696948539.788965,103.000000,120470.011719,181458.269531
1696948540.788507,104.000000,120470.011719,181458.269531
1696948541.788899,102.000000,120470.011719,181458.269531
1696948542.788865,104.000000,120470.011719,181458.269531
1696948543.788581,102.000000,120470.011719,181458.269531
1696948544.790594,104.000000,120470.011719,181458.269531
1696948545.789792,103.000000,120470.011719,181458.269531
1696948546.788639,102.000000,120470.011719,181458.269531
1696948547.788623,104.000000,120470.011719,181458.269531
1696948548.788470,102.000000,120470.011719,181458.269531
1696948549.788419,104.000000,120470.011719,181458.269531
1696948550.788583,102.000000,120470.011719,181458.269531
1696948551.788662,104.000000,120470.011719,181458.269531
1696948552.788235,103.000000,120470.011719,181458.269531
1696948553.790927,102.000000,120470.011719,181458.269531
1696948554.788726,103.000000,120470.011719,181458.269531
1696948555.788390,104.000000,120470.011719,181458.269531
1696948556.788644,102.000000,120470.011719,181458.269531
1696948557.798148,104.300000,120470.011719,181458.269531
1696948558.788557,102.700000,120470.011719,181458.269531
1696948559.789583,102.000000,120470.011719,181458.269531
1696948560.788211,104.000000,120470.011719,181458.269531
1696948561.792661,103.600000,120470.011719,181458.269531
1696948562.786191,102.400000,120470.011719,181458.269531
1696948563.788408,103.000000,120470.011719,181458.269531
1696948564.788408,103.000000,120470.011719,181458.269531
1696948565.788566,103.000000,120470.011719,181458.269531
1696948566.788447,102.000000,120470.011719,181458.269531
1696948567.788447,104.000000,120470.011719,181458.269531
1696948568.788355,102.000000,120470.011719,181458.269531
1696948569.789537,103.000000,120470.011719,181458.269531
1696948570.788494,104.000000,120470.011719,181458.269531
1696948571.788389,102.000000,120470.011719,181458.269531
1696948572.788386,103.000000,120470.011719,181458.269531
1696948573.788182,103.000000,120470.011719,181458.269531
1696948574.788763,102.000000,120470.011719,181458.269531
1696948575.788393,103.000000,120470.011719,181458.269531
1696948576.789311,104.000000,120470.011719,181458.269531
1696948577.788311,103.000000,120470.011719,181458.269531
1696948578.788364,103.000000,120470.011719,181458.269531
1696948579.788264,103.000000,120470.011719,181458.269531
1696948580.788300,102.000000,120470.011719,181458.269531
1696948581.788297,103.000000,120470.011719,181458.269531
1696948582.788519,103.000000,120470.011719,181458.269531
1696948583.788509,104.000000,120470.011719,181458.269531
1696948584.788516,102.000000,120470.011719,181458.269531
1696948585.788360,103.000000,120470.011719,181458.269531
1696948586.788450,103.000000,120470.011719,181458.269531
1696948587.788503,103.000000,120470.011719,181458.269531
1696948588.788349,103.000000,120470.011719,181458.269531
1696948589.788709,103.000000,120470.011719,181458.269531
1696948590.788481,103.000000,120470.011719,181458.269531
1696948591.788163,102.000000,120470.011719,181458.269531
1696948592.790627,103.000000,120470.011719,181458.269531
1696948593.788529,104.000000,120470.011719,181458.269531
1696948594.788388,103.000000,120470.011719,181458.269531
1696948595.787897,102.000000,120470.011719,181458.269531
1696948596.788728,104.000000,120470.011719,181458.269531
1696948597.789095,103.000000,120470.011719,181458.269531
1696948598.788662,102.000000,120470.011719,181458.269531
1696948599.790453,104.000000,120470.011719,181458.269531
1696948600.788743,102.000000,120470.011719,181458.269531
1696948601.788316,103.000000,120470.011719,181458.269531
1696948602.788224,103.000000,120470.011719,181458.269531
1696948603.788555,103.000000,120470.011719,181458.269531
1696948604.788468,103.000000,120470.011719,181458.269531
1696948605.788373,102.000000,120470.011719,181458.269531
1696948606.788289,103.000000,120470.011719,181458.269531
1696948607.788321,104.000000,120470.011719,181458.269531
1696948608.799701,103.000000,120470.011719,181458.269531
1696948609.788032,103.000000,120470.011719,181458.269531
1696948610.788233,103.000000,120470.011719,181458.269531
1696948611.788131,104.000000,120470.011719,181458.269531
1696948612.788076,102.000000,120470.011719,181458.269531
1696948613.788146,104.000000,120470.011719,181458.269531
1696948613.863004,103.500000,118713.949219,179702.207031
