1696948149.436374,0.000000,118713.949219,179702.207031
1696948149.473596,112.200000,118713.949219,179702.207031
1696948150.467927,102.000000,120469.960938,181458.269531
1696948151.467690,103.000000,120469.960938,181458.269531
1696948152.467486,103.000000,120469.960938,181458.269531
1696948153.467830,102.000000,120469.960938,181458.269531
1696948154.468329,104.000000,120470.011719,181458.269531
1696948155.472511,103.000000,120470.011719,181458.269531
1696948156.467914,103.000000,120470.011719,181458.269531
1696948157.468279,103.000000,120470.011719,181458.269531
1696948158.467568,102.000000,120470.011719,181458.269531
1696948159.468118,103.000000,120470.011719,181458.269531
1696948160.467425,104.000000,120470.011719,181458.269531
1696948161.467695,102.000000,120470.011719,181458.269531
1696948162.467438,103.000000,120470.011719,181458.269531
1696948163.467720,103.000000,120470.011719,181458.269531
1696948164.467503,103.000000,120470.011719,181458.269531
1696948165.467682,103.000000,120470.011719,181458.269531
1696948166.469208,103.000000,120470.011719,181458.269531
1696948167.467413,102.000000,120470.011719,181458.269531
1696948168.467317,104.000000,120470.011719,181458.269531
1696948169.467826,103.000000,120470.011719,181458.269531
1696948170.467189,103.000000,120470.011719,181458.269531
1696948171.467315,102.000000,120470.011719,181458.269531
1696948172.467414,103.000000,120470.011719,181458.269531
1696948173.467753,103.000000,120470.011719,181458.269531
1696948174.467390,104.000000,120470.011719,181458.269531
1696948175.467621,102.000000,120470.011719,181458.269531
1696948176.467594,103.000000,120470.011719,181458.269531
1696948177.467716,103.000000,120470.011719,181458.269531
1696948178.467731,103.000000,120470.011719,181458.269531
1696948179.467509,103.000000,120470.011719,181458.269531
1696948180.468654,101.900000,120470.011719,181458.269531
1696948181.467515,104.100000,120470.011719,181458.269531
1696948182.467491,102.000000,120470.011719,181458.269531
1696948183.468826,104.000000,120470.011719,181458.269531
1696948184.467409,103.000000,120470.011719,181458.269531
1696948185.467962,102.000000,120470.011719,181458.269531
1696948186.468369,103.000000,120470.011719,181458.269531
1696948187.468185,104.000000,120470.011719,181458.269531
1696948188.467394,102.000000,120470.011719,181458.269531
1696948189.467710,103.000000,120470.011719,181458.269531
1696948190.467259,103.000000,120470.011719,181458.269531
1696948191.466920,103.000000,120470.011719,181458.269531
1696948192.467505,103.000000,120470.011719,181458.269531
1696948193.467388,103.000000,120470.011719,181458.269531
1696948194.464006,103.000000,120470.011719,181458.269531
1696948195.467908,102.000000,120470.011719,181458.269531
1696948196.467532,103.000000,120470.011719,181458.269531
1696948197.469683,102.000000,120470.011719,181458.269531
1696948198.467646,104.000000,120470.011719,181458.269531
1696948199.467649,103.000000,120470.011719,181458.269531
1696948200.469027,103.000000,120470.011719,181458.269531
1696948201.468316,102.000000,120470.011719,181458.269531
1696948202.468059,103.000000,120470.011719,181458.269531
1696948203.467707,104.000000,120470.011719,181458.269531
1696948204.468021,102.000000,120470.011719,181458.269531
1696948205.468606,103.000000,120470.011719,181458.269531
1696948206.464624,104.000000,120470.011719,181458.269531
1696948207.467527,103.000000,120470.011719,181458.269531
1696948208.468315,102.000000,120470.011719,181458.269531
1696948209.468832,103.000000,120470.011719,181458.269531
1696948210.467694,103.000000,120470.011719,181458.269531
1696948211.464027,103.000000,120470.011719,181458.269531
1696948212.464687,102.000000,120470.011719,181458.269531
1696948213.467924,103.000000,120470.011719,181458.269531
1696948214.468052,103.000000,120470.011719,181458.269531
1696948215.467913,103.000000,120470.011719,181458.269531
1696948216.468250,103.000000,120470.011719,181458.269531
1696948217.467908,103.000000,120470.011719,181458.269531
1696948218.467582,103.000000,120470.011719,181458.269531
1696948219.467924,102.000000,120470.011719,181458.269531
1696948220.468006,104.000000,120470.011719,181458.269531
1696948221.467294,102.000000,120470.011719,181458.269531
1696948222.467543,104.000000,120470.011719,181458.269531
1696948223.467634,102.000000,120470.011719,181458.269531
1696948224.466053,103.000000,120470.011719,181458.269531
1696948225.467917,103.000000,120470.011719,181458.269531
1696948226.468294,103.000000,120470.011719,181458.269531
1696948227.467763,103.000000,120470.011719,181458.269531
1696948228.467697,102.000000,120470.011719,181458.269531
1696948229.468111,103.000000,120470.011719,181458.269531
1696948230.467741,104.000000,120470.011719,181458.269531
1696948231.467358,102.000000,120470.011719,181458.269531
1696948232.469110,103.000000,120470.011719,181458.269531
1696948233.467582,104.000000,120470.011719,181458.269531
1696948234.468102,103.000000,120470.011719,181458.269531
1696948235.467837,103.000000,120470.011719,181458.269531
1696948236.467914,103.000000,120470.011719,181458.269531
1696948237.469034,102.000000,120470.011719,181458.269531
1696948238.468187,103.000000,120470.011719,181458.269531
1696948239.467805,103.000000,120470.011719,181458.269531
1696948240.467782,103.000000,120470.011719,181458.269531
1696948241.467082,103.000000,120470.011719,181458.269531
1696948242.469194,103.000000,120470.011719,181458.269531
1696948243.467513,103.000000,120470.011719,181458.269531
1696948244.467932,103.000000,120470.011719,181458.269531
1696948245.467767,103.000000,120470.011719,181458.269531
1696948246.467670,103.000000,120470.011719,181458.269531
1696948247.465222,102.000000,120470.011719,181458.269531
1696948248.467396,103.000000,120470.011719,181458.269531
1696948249.467893,103.000000,120470.011719,181458.269531
1696948250.467495,103.000000,120470.011719,181458.269531
1696948251.466870,103.000000,120470.011719,181458.269531
1696948252.468017,102.000000,120470.011719,181458.269531
1696948253.467572,104.000000,120470.011719,181458.269531
1696948254.467549,102.000000,120470.011719,181458.269531
1696948255.468173,103.000000,120470.011719,181458.269531
1696948256.468034,103.000000,120470.011719,181458.269531
1696948257.468051,103.000000,120470.011719,181458.269531
1696948258.471874,105.000000,120470.011719,181458.269531
1696948259.467648,102.000000,120470.011719,181458.269531
1696948260.468950,103.000000,120470.011719,181458.269531
1696948261.466521,103.000000,120470.011719,181458.269531
1696948262.468131,102.000000,120470.011719,181458.269531
1696948263.467702,104.000000,120470.011719,181458.269531
1696948264.467684,103.000000,120470.011719,181458.269531
1696948265.468034,102.000000,120470.011719,181458.269531
1696948266.467694,104.000000,120470.011719,181458.269531
1696948267.467867,102.000000,120470.011719,181458.269531
1696948268.467944,103.000000,120470.011719,181458.269531
1696948269.467586,103.000000,120470.011719,181458.269531
1696948270.467711,103.000000,120470.011719,181458.269531
1696948271.467577,103.000000,120470.011719,181458.269531
1696948272.467680,103.000000,120470.011719,181458.269531
1696948273.469269,103.000000,120470.011719,181458.269531
1696948274.467688,103.000000,120470.011719,181458.269531
1696948275.467639,103.000000,120470.011719,181458.269531
1696948276.467604,103.000000,120470.011719,181458.269531
1696948277.467807,103.000000,120470.011719,181458.269531
1696948278.467995,102.000000,120470.011719,181458.269531
1696948279.467570,104.000000,120470.011719,181458.269531
1696948280.467491,102.000000,120470.011719,181458.269531
1696948281.466831,103.000000,120470.011719,181458.269531
1696948282.467882,103.000000,120470.011719,181458.269531
1696948283.467362,103.000000,120470.011719,181458.269531
1696948284.467571,103.000000,120470.011719,181458.269531
1696948285.467792,103.000000,120470.011719,181458.269531
1696948286.467632,103.000000,120470.011719,181458.269531
1696948287.467455,102.000000,120470.011719,181458.269531
1696948288.467618,104.000000,120470.011719,181458.269531
1696948289.467562,103.000000,120470.011719,181458.269531
1696948290.470696,102.000000,120470.011719,181458.269531
1696948291.466668,103.000000,120470.011719,181458.269531
1696948292.468453,104.000000,120470.011719,181458.269531
1696948293.467590,102.000000,120470.011719,181458.269531
1696948294.469934,103.000000,120470.011719,181458.269531
1696948295.467755,103.000000,120470.011719,181458.269531
1696948296.467708,99.000000,120470.011719,181458.269531
1696948296.487516,102.400000,118713.949219,179702.207031
