1696947830.994797,0.000000,118762.800781,179794.589844
1696947831.028483,129.900000,118762.800781,179794.589844
1696947832.026659,101.000000,120518.707031,181550.652344
1696947833.026616,103.000000,120518.707031,181550.652344
1696947834.026342,103.000000,120518.707031,181550.652344
1696947835.026859,103.000000,120518.863281,181550.652344
1696947836.026679,103.000000,120518.863281,181550.652344
1696947837.029968,103.000000,120518.863281,181550.652344
1696947838.026613,103.000000,120518.863281,181550.652344
1696947839.028044,103.000000,120518.863281,181550.652344
1696947840.026582,103.000000,120518.863281,181550.652344
1696947841.026385,103.000000,120518.863281,181550.652344
1696947842.026540,104.000000,120518.863281,181550.652344
1696947843.027299,103.000000,120518.863281,181550.652344
1696947844.025718,103.000000,120518.863281,181550.652344
1696947845.026518,103.000000,120518.863281,181550.652344
1696947846.026389,103.000000,120518.863281,181550.652344
1696947847.026399,103.000000,120518.863281,181550.652344
1696947848.026911,102.000000,120518.863281,181550.652344
1696947849.027161,104.000000,120518.863281,181550.652344
1696947850.027975,103.000000,120518.863281,181550.652344
1696947851.026686,103.000000,120518.863281,181550.652344
1696947852.025899,103.000000,120518.863281,181550.652344
1696947853.026757,103.000000,120518.863281,181550.652344
1696947854.027324,103.000000,120518.863281,181550.652344
1696947855.032374,103.600000,120518.863281,181550.652344
1696947856.027349,102.400000,120518.863281,181550.652344
1696947857.026980,104.000000,120518.863281,181550.652344
1696947858.022509,103.000000,120518.863281,181550.652344
1696947859.026757,103.000000,120518.863281,181550.652344
1696947860.026942,102.000000,120519.015625,181550.652344
1696947861.026546,103.000000,120519.015625,181550.652344
1696947862.026312,104.000000,120519.015625,181550.652344
1696947863.026371,103.000000,120519.015625,181550.652344
1696947864.026563,102.000000,120519.015625,181550.652344
1696947865.026124,103.000000,120519.015625,181550.652344
1696947866.026365,103.000000,120519.015625,181550.652344
1696947867.026293,104.000000,120519.015625,181550.652344
1696947868.022943,103.000000,120519.015625,181550.652344
1696947869.026551,102.000000,120519.015625,181550.652344
1696947870.026770,103.000000,120519.015625,181550.652344
1696947871.026173,103.000000,120519.015625,181550.652344
1696947872.026585,104.000000,120519.015625,181550.652344
1696947873.023710,102.000000,120519.015625,181550.652344
1696947874.026287,103.000000,120519.015625,181550.652344
1696947875.026297,103.000000,120519.015625,181550.652344
1696947876.026524,103.000000,120519.015625,181550.652344
1696947877.027709,103.000000,120519.015625,181550.652344
1696947878.027360,103.000000,120519.015625,181550.652344
1696947879.026403,103.000000,120519.015625,181550.652344
1696947880.026668,103.000000,120519.015625,181550.652344
1696947881.026274,103.000000,120519.015625,181550.652344
1696947882.026270,103.000000,120519.015625,181550.652344
1696947883.027384,103.000000,120519.050781,181550.652344
1696947884.026419,103.000000,120519.050781,181550.652344
1696947885.026638,103.000000,120519.066406,181550.652344
1696947886.026399,103.000000,120519.066406,181550.652344
1696947887.026445,103.000000,120519.082031,181550.652344
1696947888.026836,103.000000,120519.082031,181550.652344
1696947889.026160,103.000000,120519.082031,181550.652344
1696947890.026164,103.000000,120519.273438,181550.652344
1696947891.026042,103.000000,120519.273438,181550.652344
1696947892.026458,103.000000,120519.273438,181550.652344
1696947893.026220,103.000000,120519.296875,181550.652344
1696947894.026320,103.000000,120519.296875,181550.652344
1696947895.026586,103.000000,120519.296875,181550.652344
1696947896.026031,103.000000,120519.296875,181550.652344
1696947897.026467,103.000000,120519.296875,181550.652344
1696947898.026638,103.000000,120519.296875,181550.652344
1696947899.026275,103.000000,120519.296875,181550.652344
1696947900.028016,103.000000,120519.296875,181550.652344
1696947901.026836,103.000000,120519.296875,181550.652344
1696947902.026428,103.000000,120519.406250,181550.652344
1696947903.027029,103.000000,120519.406250,181550.652344
1696947904.026259,103.000000,120519.406250,181550.652344
1696947905.026808,103.000000,120519.406250,181550.652344
1696947906.026488,104.000000,120519.406250,181550.652344
1696947907.026318,102.000000,120519.406250,181550.652344
1696947908.026400,103.000000,120519.406250,181550.652344
1696947909.026501,103.000000,120519.406250,181550.652344
1696947910.026480,103.000000,120519.406250,181550.652344
1696947911.026559,103.000000,120519.406250,181550.652344
1696947912.026274,103.000000,120519.406250,181550.652344
1696947913.026437,103.000000,120519.406250,181550.652344
1696947914.026616,103.000000,120519.406250,181550.652344
1696947915.026184,103.000000,120519.406250,181550.652344
1696947916.026567,104.000000,120519.406250,181550.652344
1696947917.026769,102.000000,120519.605469,181550.652344
1696947918.026369,103.000000,120519.605469,181550.652344
1696947919.026393,103.000000,120519.605469,181550.652344
1696947920.026013,104.000000,120519.605469,181550.652344
1696947921.026385,102.000000,120519.605469,181550.652344
1696947922.027348,103.000000,120519.605469,181550.652344
1696947923.026518,103.000000,120519.605469,181550.652344
1696947924.026707,104.000000,120519.816406,181550.652344
1696947925.025927,102.000000,120519.816406,181550.652344
1696947926.026443,103.000000,120519.816406,181550.652344
1696947927.027267,103.000000,120519.816406,181550.652344
1696947928.026317,103.000000,120519.816406,181550.652344
1696947929.027004,104.000000,120519.816406,181550.652344
1696947930.026740,102.000000,120519.816406,181550.652344
1696947931.026498,103.000000,120519.816406,181550.652344
1696947932.026481,103.000000,120519.816406,181550.652344
1696947933.027264,104.000000,120519.816406,181550.652344
1696947934.022172,102.000000,120519.816406,181550.652344
1696947935.026606,103.000000,120519.816406,181550.652344
1696947936.026446,103.000000,120520.050781,181550.652344
1696947937.026396,103.000000,120520.050781,181550.652344
1696947938.026084,103.000000,120520.050781,181550.652344
1696947939.026155,103.000000,120520.050781,181550.652344
1696947940.026508,103.000000,120520.308594,181550.652344
1696947941.026660,103.000000,120520.308594,181550.652344
1696947942.026282,103.000000,120520.308594,181550.652344
1696947943.026517,103.000000,120520.308594,181550.652344
1696947944.026384,103.000000,120520.308594,181550.652344
1696947945.026235,103.000000,120520.308594,181550.652344
1696947946.026296,103.000000,120520.308594,181550.652344
1696947947.026119,103.000000,120520.308594,181550.652344
1696947948.027225,102.000000,120520.308594,181550.652344
1696947949.026548,104.000000,120520.566406,181550.652344
1696947950.026382,103.000000,120520.566406,181550.652344
1696947951.026386,103.000000,120520.824219,181550.652344
1696947952.026285,103.000000,120520.824219,181550.652344
1696947953.026328,103.000000,120520.824219,181550.652344
1696947954.026453,102.000000,120520.824219,181550.652344
1696947955.026423,104.000000,120520.824219,181550.652344
1696947956.026545,103.000000,120520.984375,181550.652344
1696947957.026163,103.000000,120503.183594,181519.855469
1696947958.026139,103.000000,120503.183594,181519.855469
1696947959.025597,103.000000,120503.441406,181519.855469
1696947960.026390,103.000000,120485.683594,181489.058594
1696947961.025618,104.000000,120468.070312,181458.269531
1696947962.025939,102.000000,120468.070312,181458.269531
1696947963.026673,103.000000,120468.070312,181458.269531
1696947964.025805,103.000000,120468.070312,181458.269531
1696947965.022586,103.000000,120468.070312,181458.269531
1696947966.026264,103.000000,120468.070312,181458.269531
1696947967.025827,102.000000,120468.070312,181458.269531
1696947968.025717,104.000000,120468.070312,181458.269531
1696947969.026070,103.000000,120468.070312,181458.269531
1696947970.026853,102.000000,120468.070312,181458.269531
1696947971.026073,104.000000,120468.070312,181458.269531
1696947972.025803,103.000000,120468.070312,181458.269531
1696947973.026237,103.000000,120468.070312,181458.269531
1696947974.026324,103.000000,120468.070312,181458.269531
1696947975.025694,102.000000,120468.070312,181458.269531
1696947976.026093,103.000000,120468.070312,181458.269531
1696947977.025770,103.000000,120468.070312,181458.269531
1696947978.026112,103.000000,120468.070312,181458.269531
1696947979.026104,103.000000,120468.070312,181458.269531
1696947979.791344,96.800000,118712.007812,179702.207031
