1696947671.986203,0.000000,118762.679688,179794.589844
1696947672.020281,113.900000,118762.679688,179794.589844
1696947673.021069,101.000000,120518.625000,181550.652344
1696947674.019570,103.000000,120518.625000,181550.652344
1696947675.018119,103.000000,120518.625000,181550.652344
1696947676.017797,104.000000,120518.625000,181550.652344
1696947677.018390,102.000000,120518.625000,181550.652344
1696947678.018508,104.000000,120518.800781,181550.652344
1696947679.018095,102.000000,120518.800781,181550.652344
1696947680.018682,103.000000,120518.800781,181550.652344
1696947681.018070,103.000000,120518.800781,181550.652344
1696947682.018259,103.000000,120518.800781,181550.652344
1696947683.018173,103.000000,120518.800781,181550.652344
1696947684.018065,103.000000,120518.800781,181550.652344
1696947685.018211,104.000000,120518.800781,181550.652344
1696947686.014599,103.000000,120518.800781,181550.652344
1696947687.018090,102.000000,120518.800781,181550.652344
1696947688.018202,103.000000,120518.800781,181550.652344
1696947689.018721,102.000000,120518.800781,181550.652344
1696947690.018114,104.000000,120518.800781,181550.652344
1696947691.018012,103.000000,120518.800781,181550.652344
1696947692.018660,102.000000,120518.800781,181550.652344
1696947693.018748,103.000000,120518.800781,181550.652344
1696947694.018082,104.000000,120518.800781,181550.652344
1696947695.018237,103.000000,120518.800781,181550.652344
1696947696.018213,103.000000,120518.800781,181550.652344
1696947697.018836,103.000000,120518.800781,181550.652344
1696947698.018555,103.000000,120518.800781,181550.652344
1696947699.018200,103.000000,120518.800781,181550.652344
1696947700.018680,103.000000,120518.800781,181550.652344
1696947701.018210,103.000000,120518.800781,181550.652344
1696947702.018232,103.000000,120518.800781,181550.652344
1696947703.018216,103.000000,120518.800781,181550.652344
1696947704.018275,103.000000,120518.800781,181550.652344
1696947705.018202,103.000000,120518.800781,181550.652344
1696947706.018168,102.000000,120518.800781,181550.652344
1696947707.018284,104.000000,120518.800781,181550.652344
1696947708.018346,103.000000,120518.800781,181550.652344
1696947709.018117,102.000000,120518.800781,181550.652344
1696947710.018782,103.000000,120518.800781,181550.652344
1696947711.018507,104.000000,120518.800781,181550.652344
1696947712.018165,103.000000,120518.800781,181550.652344
1696947713.018371,103.000000,120518.800781,181550.652344
1696947714.018272,103.000000,120518.800781,181550.652344
1696947715.018076,102.000000,120518.800781,181550.652344
1696947716.018570,104.000000,120518.800781,181550.652344
1696947717.018379,103.000000,120518.800781,181550.652344
1696947718.018250,103.000000,120518.800781,181550.652344
1696947719.020325,103.000000,120518.800781,181550.652344
1696947720.018243,103.000000,120518.800781,181550.652344
1696947721.017798,103.000000,120518.800781,181550.652344
1696947722.018213,104.000000,120518.800781,181550.652344
1696947723.018449,102.000000,120518.800781,181550.652344
1696947724.018425,103.000000,120518.800781,181550.652344
1696947725.018285,103.000000,120518.800781,181550.652344
1696947726.018156,103.000000,120518.800781,181550.652344
1696947727.018892,103.000000,120518.800781,181550.652344
1696947728.018100,104.000000,120518.800781,181550.652344
1696947729.018409,102.000000,120518.800781,181550.652344
1696947730.018127,103.000000,120518.800781,181550.652344
1696947731.018471,103.000000,120518.800781,181550.652344
1696947732.018253,103.000000,120518.800781,181550.652344
1696947733.018041,103.000000,120518.800781,181550.652344
1696947734.018734,103.000000,120518.800781,181550.652344
1696947735.019314,104.000000,120518.800781,181550.652344
1696947736.018411,102.000000,120518.800781,181550.652344
1696947737.018560,104.000000,120518.800781,181550.652344
1696947738.018287,102.000000,120518.800781,181550.652344
1696947739.018193,104.000000,120518.800781,181550.652344
1696947740.018500,102.000000,120518.800781,181550.652344
1696947741.018037,104.000000,120518.800781,181550.652344
1696947742.018036,103.000000,120518.800781,181550.652344
1696947743.019103,102.000000,120518.800781,181550.652344
1696947744.018164,103.000000,120518.800781,181550.652344
1696947745.018087,104.000000,120518.800781,181550.652344
1696947746.018256,102.000000,120518.800781,181550.652344
1696947747.017973,103.000000,120518.800781,181550.652344
1696947748.018324,103.000000,120518.800781,181550.652344
1696947749.018307,103.000000,120518.800781,181550.652344
1696947750.018088,103.000000,120518.800781,181550.652344
1696947751.018916,103.000000,120518.800781,181550.652344
1696947752.018087,103.000000,120518.800781,181550.652344
1696947753.019018,103.000000,120518.800781,181550.652344
1696947754.018190,104.000000,120518.800781,181550.652344
1696947755.018116,103.000000,120518.800781,181550.652344
1696947756.014303,102.000000,120518.800781,181550.652344
1696947757.018152,103.000000,120518.800781,181550.652344
1696947758.018109,103.000000,120518.800781,181550.652344
1696947759.018937,103.000000,120518.800781,181550.652344
1696947760.018152,103.000000,120518.800781,181550.652344
1696947761.018046,103.000000,120518.800781,181550.652344
1696947762.018076,103.000000,120518.800781,181550.652344
1696947763.017917,103.000000,120518.800781,181550.652344
1696947764.018377,103.000000,120518.800781,181550.652344
1696947765.018264,103.000000,120518.800781,181550.652344
1696947766.018193,103.000000,120518.800781,181550.652344
1696947767.018888,103.000000,120518.800781,181550.652344
1696947768.018288,104.000000,120518.800781,181550.652344
1696947769.018067,102.000000,120518.800781,181550.652344
1696947770.018450,103.000000,120518.800781,181550.652344
1696947771.017907,103.000000,120518.800781,181550.652344
1696947772.018299,103.000000,120518.800781,181550.652344
1696947773.018029,103.000000,120518.800781,181550.652344
1696947774.018354,104.000000,120518.800781,181550.652344
1696947775.018237,97.000000,120518.800781,181550.652344
1696947776.018068,103.000000,120518.800781,181550.652344
1696947777.011576,103.000000,120518.800781,181550.652344
1696947778.009414,102.000000,120518.800781,181550.652344
1696947779.009798,102.000000,120518.800781,181550.652344
1696947780.009669,102.000000,120518.800781,181550.652344
1696947781.012021,103.000000,120518.800781,181550.652344
1696947782.015050,102.000000,120518.800781,181550.652344
1696947783.020410,102.000000,120518.800781,181550.652344
1696947784.018146,104.000000,120518.800781,181550.652344
1696947785.018560,103.000000,120518.800781,181550.652344
1696947786.018452,103.000000,120518.800781,181550.652344
1696947787.018121,103.000000,120518.800781,181550.652344
1696947788.018376,103.000000,120518.800781,181550.652344
1696947789.018222,103.000000,120518.800781,181550.652344
1696947790.017963,103.000000,120518.800781,181550.652344
1696947791.018376,103.000000,120518.800781,181550.652344
1696947792.018302,103.000000,120518.800781,181550.652344
1696947793.018932,103.000000,120518.800781,181550.652344
1696947794.018451,103.000000,120518.800781,181550.652344
1696947795.019787,104.000000,120518.800781,181550.652344
1696947796.018284,102.000000,120518.800781,181550.652344
1696947797.018282,103.000000,120518.800781,181550.652344
1696947798.018173,103.000000,120518.800781,181550.652344
1696947799.018201,103.000000,120518.800781,181550.652344
1696947800.018204,104.000000,120518.800781,181550.652344
1696947801.022085,101.900000,120518.800781,181550.652344
1696947802.018229,103.100000,120518.800781,181550.652344
1696947803.027205,104.500000,120518.800781,181550.652344
1696947804.018327,102.500000,120518.800781,181550.652344
1696947805.018593,102.000000,120518.800781,181550.652344
1696947806.022141,102.800000,120518.800781,181550.652344
1696947807.018662,103.200000,120518.800781,181550.652344
1696947808.018407,103.000000,120518.800781,181550.652344
1696947809.018567,103.000000,120518.800781,181550.652344
1696947810.018594,103.000000,120518.800781,181550.652344
1696947811.018603,104.000000,120518.800781,181550.652344
1696947812.018486,102.000000,120518.800781,181550.652344
1696947813.019318,103.000000,120518.800781,181550.652344
1696947814.018254,103.000000,120518.800781,181550.652344
1696947815.018763,104.000000,120518.800781,181550.652344
1696947816.019027,102.000000,120518.800781,181550.652344
1696947817.018507,104.000000,120518.800781,181550.652344
1696947818.003939,97.300000,118762.738281,179794.589844
