1696946508.722125,0.000000,101324.976562,157737.429688
1696946508.754128,87.900000,101324.976562,157737.429688
1696946509.752120,102.000000,103080.960938,159493.492188
1696946510.751198,103.000000,102669.152344,158964.121094
1696946511.751735,102.000000,103179.808594,159591.113281
1696946512.751473,103.000000,103082.812500,159493.492188
1696946513.747767,103.000000,103082.812500,159493.492188
1696946514.752942,103.000000,103082.812500,159493.492188
1696946515.751386,102.000000,102807.609375,159140.578125
1696946516.752589,103.000000,103080.425781,159493.492188
1696946517.754916,103.000000,103141.406250,159681.589844
1696946518.753602,103.000000,103079.007812,159493.492188
1696946519.751969,103.000000,103079.007812,159493.492188
1696946520.751615,103.000000,102942.406250,159317.035156
1696946521.751299,102.000000,102943.976562,159317.035156
1696946522.752215,104.000000,102993.765625,159481.488281
1696946523.748339,102.000000,103082.292969,159493.492188
1696946524.753147,103.000000,103082.707031,159493.492188
1696946525.752043,102.000000,103082.707031,159493.492188
1696946526.751998,103.000000,103202.289062,159688.734375
1696946527.752611,103.000000,103080.726562,159493.492188
1696946528.752090,103.000000,102943.328125,159505.113281
1696946529.751714,103.000000,103082.867188,159493.492188
1696946530.752115,102.000000,102946.257812,159317.035156
1696946531.751832,103.000000,102946.464844,159317.035156
1696946532.749477,103.000000,102946.464844,159317.035156
1696946533.748512,103.000000,102666.644531,158964.121094
1696946534.744321,103.000000,102666.644531,158964.121094
1696946535.742516,101.000000,102666.644531,158964.121094
1696946536.742442,103.000000,102666.644531,158964.121094
1696946537.742469,102.000000,102666.644531,158964.121094
1696946538.741575,101.000000,102666.644531,158964.121094
1696946539.741914,103.000000,102666.644531,158964.121094
1696946540.742255,101.000000,102666.644531,158964.121094
1696946541.741958,102.000000,102666.644531,158964.121094
1696946542.741675,102.000000,102666.644531,158964.121094
1696946543.751505,102.000000,102666.644531,158964.121094
1696946544.752342,102.000000,102666.644531,158964.121094
1696946545.751952,104.000000,102666.644531,158964.121094
1696946546.752021,102.000000,102666.644531,158964.121094
1696946547.751906,103.000000,102666.644531,158964.121094
1696946548.754512,103.000000,102666.644531,158964.121094
1696946549.751779,103.000000,102666.644531,158964.121094
1696946550.748366,102.000000,102666.644531,158964.121094
1696946551.751682,103.000000,102666.644531,158964.121094
1696946552.751136,103.000000,102666.644531,158964.121094
1696946553.753191,102.000000,102666.644531,158964.121094
1696946554.753352,103.000000,102666.644531,158964.121094
1696946555.751611,103.000000,102666.644531,158964.121094
1696946556.751821,103.000000,102666.644531,158964.121094
1696946557.750859,103.000000,102666.644531,158964.121094
1696946558.742553,103.000000,102666.644531,158964.121094
1696946559.748179,101.000000,102666.644531,158964.121094
1696946560.745566,103.000000,102666.644531,158964.121094
1696946561.743410,102.000000,102666.644531,158964.121094
1696946562.742059,102.000000,102666.644531,158964.121094
1696946563.742824,101.000000,102666.644531,158964.121094
1696946564.742497,102.000000,102666.644531,158964.121094
1696946565.742240,103.000000,102666.644531,158964.121094
1696946566.752401,102.000000,102666.644531,158964.121094
1696946567.751835,102.000000,102666.644531,158964.121094
1696946568.751737,103.000000,102666.644531,158964.121094
1696946569.752009,103.000000,102666.644531,158964.121094
1696946570.751540,102.000000,102666.644531,158964.121094
1696946571.752074,104.000000,102666.644531,158964.121094
1696946572.751832,103.000000,102666.644531,158964.121094
1696946573.751952,102.000000,102666.644531,158964.121094
1696946574.752093,103.000000,102666.644531,158964.121094
1696946575.751463,103.000000,102666.644531,158964.121094
1696946576.752372,102.000000,102666.644531,158964.121094
1696946577.751517,103.000000,102666.644531,158964.121094
1696946578.751993,103.000000,102666.644531,158964.121094
1696946579.751765,103.000000,102666.644531,158964.121094
1696946580.751306,103.000000,102666.644531,158964.121094
1696946581.751818,102.000000,102666.644531,158964.121094
1696946582.751472,103.000000,102666.644531,158964.121094
1696946583.751962,103.000000,102666.644531,158964.121094
1696946584.751550,102.000000,102666.644531,158964.121094
1696946585.751464,104.000000,102666.644531,158964.121094
1696946586.752450,102.000000,102666.644531,158964.121094
1696946587.751628,103.000000,102666.644531,158964.121094
1696946588.752211,103.000000,102666.644531,158964.121094
1696946589.752087,103.000000,102666.644531,158964.121094
1696946590.751891,103.000000,102666.644531,158964.121094
1696946591.751627,102.000000,102666.644531,158964.121094
1696946592.751767,103.000000,102666.644531,158964.121094
1696946593.754492,103.000000,102666.644531,158964.121094
1696946594.751855,103.000000,102666.644531,158964.121094
1696946595.749745,102.000000,102666.644531,158964.121094
1696946596.741799,104.000000,102666.644531,158964.121094
1696946597.741880,101.000000,102666.644531,158964.121094
1696946598.742522,102.000000,102666.644531,158964.121094
1696946599.742404,102.000000,102666.644531,158964.121094
1696946600.742498,101.000000,102666.644531,158964.121094
1696946601.744269,102.000000,102666.644531,158964.121094
1696946602.746019,103.000000,102666.644531,158964.121094
1696946603.742353,102.000000,102666.644531,158964.121094
1696946604.742935,101.000000,102666.644531,158964.121094
1696946605.743053,103.000000,102666.644531,158964.121094
1696946606.742672,102.000000,102666.644531,158964.121094
1696946607.742116,102.000000,102666.644531,158964.121094
1696946608.741676,101.000000,102666.644531,158964.121094
1696946609.741477,102.000000,102666.644531,158964.121094
1696946610.741772,102.000000,102666.644531,158964.121094
1696946611.741792,102.000000,102666.644531,158964.121094
1696946612.742027,101.000000,102666.644531,158964.121094
1696946613.744651,102.000000,102666.644531,158964.121094
1696946614.743279,102.000000,102666.644531,158964.121094
1696946615.741644,103.000000,102666.644531,158964.121094
1696946616.743541,100.900000,102666.644531,158964.121094
1696946617.742169,102.100000,102666.644531,158964.121094
1696946618.753438,102.000000,102666.644531,158964.121094
1696946619.741649,103.000000,102666.644531,158964.121094
1696946620.751561,101.000000,102666.644531,158964.121094
1696946621.751785,104.000000,102666.644531,158964.121094
1696946622.751619,102.000000,102666.644531,158964.121094
1696946623.752200,103.000000,102666.644531,158964.121094
1696946624.751623,103.000000,102666.644531,158964.121094
1696946625.751391,102.000000,102666.644531,158964.121094
1696946626.751414,103.000000,102666.644531,158964.121094
1696946627.751370,103.000000,102666.644531,158964.121094
1696946628.751390,103.000000,102666.644531,158964.121094
1696946629.752023,103.000000,102666.644531,158964.121094
1696946630.751827,102.000000,102666.644531,158964.121094
1696946631.751341,104.000000,102666.644531,158964.121094
1696946632.751348,102.000000,102666.644531,158964.121094
1696946633.751402,103.000000,102666.644531,158964.121094
1696946634.751296,103.000000,102666.644531,158964.121094
1696946635.751502,102.000000,102666.644531,158964.121094
1696946636.751662,103.000000,102666.644531,158964.121094
1696946637.751159,103.000000,102666.644531,158964.121094
1696946638.751918,103.000000,102666.644531,158964.121094
1696946639.751130,103.000000,102666.644531,158964.121094
1696946640.751071,102.000000,102666.644531,158964.121094
1696946641.751328,103.000000,102666.644531,158964.121094
1696946642.751006,103.000000,102666.644531,158964.121094
1696946643.751488,102.000000,102666.644531,158964.121094
1696946644.751359,103.000000,102666.644531,158964.121094
1696946645.751681,103.000000,102666.644531,158964.121094
1696946646.751804,103.000000,102666.644531,158964.121094
1696946647.751247,103.000000,102666.644531,158964.121094
1696946648.751597,102.000000,102666.644531,158964.121094
1696946649.751916,103.000000,102666.644531,158964.121094
1696946650.751797,103.000000,102666.644531,158964.121094
1696946651.751620,103.000000,102666.644531,158964.121094
1696946652.751204,103.000000,102666.644531,158964.121094
1696946653.752766,103.000000,102666.644531,158964.121094
1696946654.752156,102.000000,102666.644531,158964.121094
1696946655.747936,103.000000,102666.644531,158964.121094
1696946656.751790,102.000000,102666.644531,158964.121094
1696946657.751714,103.000000,102666.644531,158964.121094
1696946658.752088,103.000000,102666.644531,158964.121094
1696946659.748276,102.000000,102666.644531,158964.121094
1696946660.369076,97.800000,100910.582031,157208.058594
