1696948833.370972,0.000000,119942.824219,181201.777344
1696948833.407686,110.100000,119942.824219,181201.777344
1696948834.403987,101.000000,121698.765625,182957.839844
1696948835.403706,103.000000,121698.820312,182957.839844
1696948836.404073,103.000000,121698.855469,182957.839844
1696948837.405569,104.000000,121698.949219,182957.839844
1696948838.404467,102.000000,121699.070312,182957.839844
1696948839.403494,103.000000,121699.203125,182957.839844
1696948840.403873,103.000000,121699.250000,182957.839844
1696948841.404458,103.000000,121699.289062,182957.839844
1696948842.403393,104.000000,121699.406250,182957.839844
1696948843.403863,102.000000,121699.421875,182957.839844
1696948844.403891,104.000000,121699.585938,182957.839844
1696948845.404207,103.000000,121699.652344,182957.839844
1696948846.403765,103.000000,121735.734375,184713.902344
1696948847.403970,103.000000,121789.781250,184713.902344
1696948848.403882,103.000000,121855.781250,184713.902344
1696948849.404083,103.000000,121927.808594,184713.902344
1696948850.403788,104.000000,121979.808594,184713.902344
1696948851.403883,102.000000,122027.839844,184713.902344
1696948852.404306,104.000000,122080.007812,184713.902344
1696948853.403944,103.000000,122134.062500,184713.902344
1696948854.404211,103.000000,122186.062500,184713.902344
1696948855.403903,103.000000,122242.062500,184713.902344
1696948856.403906,103.000000,122300.144531,184713.902344
1696948857.404085,103.000000,122348.355469,184713.902344
1696948858.404037,104.000000,122410.421875,184713.902344
1696948859.404650,102.000000,122486.429688,184713.902344
1696948860.403666,104.000000,122552.433594,184713.902344
1696948861.403904,103.000000,122604.550781,184713.902344
1696948862.404989,103.000000,122654.554688,184713.902344
1696948863.403843,103.000000,122702.554688,184713.902344
1696948864.403738,104.000000,122754.664062,184713.902344
1696948865.403872,103.000000,122802.671875,184713.902344
1696948866.403444,103.000000,122854.792969,184713.902344
1696948867.403782,103.000000,122904.800781,184713.902344
1696948868.403935,103.000000,122954.835938,184713.902344
1696948869.403825,103.000000,123006.847656,184713.902344
1696948870.404328,103.000000,123058.921875,184713.902344
1696948871.403805,103.000000,123116.921875,184713.902344
1696948872.404133,103.000000,123184.976562,184713.902344
1696948873.403658,104.000000,123237.000000,184713.902344
1696948874.403896,102.000000,123289.007812,184713.902344
1696948875.404032,104.000000,123337.023438,184713.902344
1696948876.404048,103.000000,123399.058594,184713.902344
1696948877.404248,103.000000,123451.160156,184713.902344
1696948878.403744,103.000000,123457.160156,184713.902344
1696948879.403919,103.000000,123457.183594,184713.902344
1696948880.403557,103.000000,123457.191406,184713.902344
1696948881.403692,103.000000,123457.238281,184713.902344
1696948882.403160,103.000000,123457.398438,184713.902344
1696948883.403354,104.000000,123457.441406,184713.902344
1696948884.403965,103.000000,123457.546875,184713.902344
1696948885.403630,103.000000,123457.558594,184713.902344
1696948886.404089,103.000000,123457.605469,184713.902344
1696948887.403595,103.000000,123457.605469,184713.902344
1696948888.404292,103.000000,123457.621094,184713.902344
1696948889.403763,103.000000,123457.718750,184713.902344
1696948890.403832,103.000000,123457.925781,184713.902344
1696948891.403700,103.000000,123458.070312,184713.902344
1696948892.404351,103.000000,123458.085938,184713.902344
1696948893.404275,103.000000,123458.132812,184713.902344
1696948894.403443,104.000000,123458.144531,184713.902344
1696948895.403737,103.000000,123458.148438,184713.902344
1696948896.403965,103.000000,123458.164062,184713.902344
1696948897.394732,103.000000,123458.203125,184713.902344
1696948898.392874,102.000000,123458.218750,184713.902344
1696948899.393333,103.000000,123458.218750,184713.902344
1696948900.406491,101.000000,123460.230469,184713.902344
1696948901.403996,104.000000,123460.238281,184713.902344
1696948902.404545,103.000000,123460.320312,184713.902344
1696948903.405435,103.000000,123460.332031,184713.902344
1696948904.402890,104.000000,123460.429688,184713.902344
1696948905.404968,103.000000,123460.437500,184713.902344
1696948906.407096,103.000000,123460.566406,184713.902344
1696948907.405001,103.000000,121704.570312,182957.839844
1696948908.396733,104.000000,121704.593750,182957.839844
1696948909.393413,102.000000,121704.597656,182957.839844
1696948910.393284,102.000000,121704.605469,182957.839844
1696948911.393445,102.000000,121704.644531,182957.839844
1696948912.392756,102.000000,121704.679688,182957.839844
1696948913.392777,102.000000,121704.687500,182957.839844
1696948914.392695,102.000000,121704.703125,182957.839844
1696948915.392759,102.000000,121704.734375,182957.839844
1696948916.392519,102.000000,121704.738281,182957.839844
1696948917.393502,103.000000,121704.746094,182957.839844
1696948918.393821,101.000000,121704.773438,182957.839844
1696948919.393378,102.000000,121704.796875,182957.839844
1696948920.392967,102.000000,121704.804688,182957.839844
1696948921.392922,103.000000,121704.832031,182957.839844
1696948922.393058,102.000000,121704.882812,182957.839844
1696948923.392997,102.000000,121704.886719,182957.839844
1696948924.392639,101.000000,121704.890625,182957.839844
1696948925.392666,102.000000,121704.898438,182957.839844
1696948926.392638,103.000000,121704.917969,182957.839844
1696948927.392841,101.000000,121704.933594,182957.839844
1696948928.392790,103.000000,121704.960938,182957.839844
1696948929.392582,101.000000,121704.992188,182957.839844
1696948930.392579,103.000000,121705.195312,182957.839844
1696948931.392599,101.000000,121705.214844,182957.839844
1696948932.392661,102.000000,121705.230469,182957.839844
1696948933.393334,103.000000,121705.265625,182957.839844
1696948934.392629,102.000000,121705.277344,182957.839844
1696948935.392787,102.000000,121705.285156,182957.839844
1696948936.392610,101.000000,121705.292969,182957.839844
1696948937.392706,102.000000,121707.328125,182957.839844
1696948938.392910,102.000000,121707.332031,182957.839844
1696948939.392621,103.000000,121707.339844,182957.839844
1696948940.392892,102.000000,121707.375000,182957.839844
1696948941.392619,102.000000,121707.390625,182957.839844
1696948942.392764,102.000000,121707.398438,182957.839844
1696948943.392541,102.000000,121707.414062,182957.839844
1696948944.392920,101.000000,121707.429688,182957.839844
1696948945.392834,102.000000,121707.683594,182957.839844
1696948946.392622,102.000000,121707.710938,182957.839844
1696948947.393144,103.000000,121707.722656,182957.839844
1696948948.392760,101.000000,121707.730469,182957.839844
1696948949.392663,102.000000,121707.757812,182957.839844
1696948950.392517,103.000000,121707.757812,182957.839844
1696948951.392519,101.000000,121707.777344,182957.839844
1696948952.393081,102.000000,121707.785156,182957.839844
1696948953.393171,103.000000,121707.808594,182957.839844
1696948954.393005,101.000000,121707.843750,182957.839844
1696948955.396358,102.000000,121707.847656,182957.839844
1696948956.406173,103.000000,121707.875000,182957.839844
1696948957.404034,103.000000,121707.875000,182957.839844
1696948958.404176,103.000000,121707.882812,182957.839844
1696948959.403663,104.000000,121707.980469,182957.839844
1696948960.404003,103.000000,121708.003906,182957.839844
1696948961.404493,103.000000,121708.003906,182957.839844
1696948962.403806,103.000000,121708.015625,182957.839844
1696948963.404199,104.000000,121708.046875,182957.839844
1696948964.404105,103.000000,121708.046875,182957.839844
1696948965.403852,102.000000,121708.046875,182957.839844
1696948966.404036,103.000000,121708.046875,182957.839844
1696948967.403893,104.000000,121708.097656,182957.839844
1696948968.404454,103.000000,121708.097656,182957.839844
1696948969.403435,103.000000,121708.101562,182957.839844
1696948970.403892,103.000000,121708.148438,182957.839844
1696948971.404114,103.000000,121708.148438,182957.839844
1696948972.403755,103.000000,121708.164062,182957.839844
1696948973.403917,104.000000,121708.175781,182957.839844
1696948974.403912,103.000000,121708.175781,182957.839844
1696948975.404260,102.000000,121708.175781,182957.839844
1696948976.404151,104.000000,121708.175781,182957.839844
1696948977.403778,103.000000,121708.175781,182957.839844
1696948978.403945,103.000000,121708.175781,182957.839844
1696948979.404667,104.000000,121708.175781,182957.839844
1696948980.403793,103.000000,121708.222656,182957.839844
1696948981.403906,102.000000,121708.222656,182957.839844
1696948982.404128,103.000000,121708.316406,182957.839844
1696948983.403944,104.000000,121708.316406,182957.839844
1696948984.404252,103.000000,121708.316406,182957.839844
1696948985.024776,98.500000,119952.312500,181201.777344
