1696947060.485801,0.000000,102488.167969,158990.882812
1696947060.527339,107.400000,102488.167969,158990.882812
1696947061.519194,100.900000,104244.230469,160746.945312
1696947062.511769,103.100000,104244.230469,160746.945312
1696947063.511605,103.000000,104244.230469,160746.945312
1696947064.512136,102.000000,104244.230469,160746.945312
1696947065.508203,103.000000,104244.230469,160746.945312
1696947066.510570,102.000000,104244.230469,160746.945312
1696947067.518814,102.000000,104244.230469,160746.945312
1696947068.521575,104.000000,104244.230469,160746.945312
1696947069.516832,103.000000,104244.230469,160746.945312
1696947070.516411,103.000000,104244.230469,160746.945312
1696947071.516123,102.000000,104244.230469,160746.945312
1696947072.516658,103.000000,104244.230469,160746.945312
1696947073.517292,104.000000,104244.230469,160746.945312
1696947074.515635,102.000000,104244.230469,160746.945312
1696947075.517350,102.900000,104244.230469,160746.945312
1696947076.516247,103.100000,104244.230469,160746.945312
1696947077.512203,102.000000,104244.230469,160746.945312
1696947078.516104,103.000000,104244.230469,160746.945312
1696947079.516348,103.000000,104244.230469,160746.945312
1696947080.516360,103.000000,104244.230469,160746.945312
1696947081.516499,103.000000,104244.230469,160746.945312
1696947082.516557,103.000000,104244.230469,160746.945312
1696947083.516527,103.000000,104244.230469,160746.945312
1696947084.516379,102.000000,104244.230469,160746.945312
1696947085.516342,103.000000,104244.230469,160746.945312
1696947086.516311,103.000000,104244.230469,160746.945312
1696947087.516393,103.000000,104244.230469,160746.945312
1696947088.512313,103.000000,104244.230469,160746.945312
1696947089.516393,103.000000,104244.230469,160746.945312
1696947090.516624,102.000000,104244.230469,160746.945312
1696947091.516373,103.000000,104244.230469,160746.945312
1696947092.516541,103.000000,104244.230469,160746.945312
1696947093.515998,103.000000,104244.230469,160746.945312
1696947094.517308,103.000000,104244.230469,160746.945312
1696947095.516158,102.000000,104244.230469,160746.945312
1696947096.516598,104.000000,104244.230469,160746.945312
1696947097.516236,103.000000,104244.230469,160746.945312
1696947098.515959,102.000000,104244.230469,160746.945312
1696947099.516669,104.000000,104244.230469,160746.945312
1696947100.516304,102.000000,104244.230469,160746.945312
1696947101.516301,103.000000,104244.230469,160746.945312
1696947102.516073,103.000000,104244.230469,160746.945312
1696947103.517213,103.000000,104244.230469,160746.945312
1696947104.516138,102.000000,104244.230469,160746.945312
1696947105.516322,104.000000,104244.230469,160746.945312
1696947106.516239,102.000000,104244.230469,160746.945312
1696947107.516284,103.000000,104244.230469,160746.945312
1696947108.516059,103.000000,104244.230469,160746.945312
1696947109.516189,103.000000,104244.230469,160746.945312
1696947110.513385,103.000000,104244.230469,160746.945312
1696947111.516213,102.000000,104244.230469,160746.945312
1696947112.516048,104.000000,104244.230469,160746.945312
1696947113.516619,102.000000,104244.230469,160746.945312
1696947114.516045,103.000000,104244.230469,160746.945312
1696947115.516555,103.000000,104244.230469,160746.945312
1696947116.516387,103.000000,104244.230469,160746.945312
1696947117.515959,102.000000,104244.230469,160746.945312
1696947118.516406,104.000000,104244.230469,160746.945312
1696947119.516357,102.000000,104244.230469,160746.945312
1696947120.516470,104.000000,104244.230469,160746.945312
1696947121.516496,103.000000,104244.230469,160746.945312
1696947122.516367,102.000000,104244.230469,160746.945312
1696947123.516516,103.000000,104244.230469,160746.945312
1696947124.516253,103.000000,104244.230469,160746.945312
1696947125.516216,103.000000,104244.230469,160746.945312
1696947126.516269,103.000000,104244.230469,160746.945312
1696947127.516428,102.000000,104244.230469,160746.945312
1696947128.516253,103.000000,104244.230469,160746.945312
1696947129.516833,104.000000,104244.230469,160746.945312
1696947130.516256,102.000000,104244.230469,160746.945312
1696947131.516136,103.000000,104244.230469,160746.945312
1696947132.516494,103.000000,104244.230469,160746.945312
1696947133.516753,103.000000,104244.230469,160746.945312
1696947134.516174,103.000000,104244.230469,160746.945312
1696947135.516284,102.000000,104244.230469,160746.945312
1696947136.515994,104.000000,104244.230469,160746.945312
1696947137.516678,102.000000,104244.230469,160746.945312
1696947138.516133,103.000000,104244.230469,160746.945312
1696947139.518073,103.000000,104244.230469,160746.945312
1696947140.516250,103.000000,104244.230469,160746.945312
1696947141.515985,103.000000,104244.230469,160746.945312
1696947142.516015,103.000000,104244.230469,160746.945312
1696947143.516259,102.000000,104244.230469,160746.945312
1696947144.516307,104.000000,104244.230469,160746.945312
1696947145.516355,102.000000,104244.230469,160746.945312
1696947146.516231,103.000000,104244.230469,160746.945312
1696947147.516404,103.000000,104244.230469,160746.945312
1696947148.516527,103.000000,104244.230469,160746.945312
1696947149.516217,103.000000,104244.230469,160746.945312
1696947150.516283,103.000000,104244.230469,160746.945312
1696947151.516028,103.000000,104244.230469,160746.945312
1696947152.516241,102.000000,104244.230469,160746.945312
1696947153.516429,103.000000,104244.230469,160746.945312
1696947154.517136,103.000000,104244.230469,160746.945312
1696947155.515989,103.000000,104244.230469,160746.945312
1696947156.516273,103.000000,104244.230469,160746.945312
1696947157.515965,103.000000,104244.230469,160746.945312
1696947158.516454,103.000000,104244.230469,160746.945312
1696947159.516395,102.000000,104244.230469,160746.945312
1696947160.516430,103.000000,104244.230469,160746.945312
1696947161.516760,103.000000,104244.230469,160746.945312
1696947162.516301,103.000000,104244.230469,160746.945312
1696947163.517112,103.000000,104244.230469,160746.945312
1696947164.516225,103.000000,104244.230469,160746.945312
1696947165.516202,103.000000,104244.230469,160746.945312
1696947166.516214,103.000000,104244.230469,160746.945312
1696947167.516377,103.000000,104244.230469,160746.945312
1696947168.516458,103.000000,104244.230469,160746.945312
1696947169.516775,103.000000,104244.230469,160746.945312
1696947170.516102,102.000000,104244.230469,160746.945312
1696947171.516340,104.000000,104244.230469,160746.945312
1696947172.516317,102.000000,104244.230469,160746.945312
1696947173.516206,103.000000,104244.230469,160746.945312
1696947174.516157,103.000000,104244.230469,160746.945312
1696947175.516286,103.000000,104244.230469,160746.945312
1696947176.516297,102.000000,104244.230469,160746.945312
1696947177.516353,103.000000,104244.230469,160746.945312
1696947178.516267,104.000000,104244.230469,160746.945312
1696947179.516048,103.000000,104244.230469,160746.945312
1696947180.517071,102.000000,104244.230469,160746.945312
1696947181.516218,103.000000,104244.230469,160746.945312
1696947182.516442,102.000000,104244.230469,160746.945312
1696947183.516386,103.000000,104244.230469,160746.945312
1696947184.515934,103.000000,104244.230469,160746.945312
1696947185.516322,104.000000,104244.230469,160746.945312
1696947186.516394,103.000000,104244.230469,160746.945312
1696947187.516783,102.000000,104244.230469,160746.945312
1696947188.516225,104.000000,104244.230469,160746.945312
1696947189.516376,102.000000,104244.230469,160746.945312
1696947190.516332,103.000000,104244.230469,160746.945312
1696947191.516882,103.000000,104244.230469,160746.945312
1696947192.516314,103.000000,104244.230469,160746.945312
1696947193.516927,102.000000,104244.230469,160746.945312
1696947194.516018,104.000000,104244.230469,160746.945312
1696947195.516402,102.000000,104244.230469,160746.945312
1696947196.516518,103.000000,104244.230469,160746.945312
1696947197.516295,103.000000,104244.230469,160746.945312
1696947198.516182,103.000000,104244.230469,160746.945312
1696947199.512238,103.000000,104244.230469,160746.945312
1696947200.515974,103.000000,104244.230469,160746.945312
1696947201.516732,102.000000,104244.230469,160746.945312
1696947202.516413,103.000000,104244.230469,160746.945312
1696947203.516000,103.000000,104244.230469,160746.945312
1696947204.516462,103.000000,104244.230469,160746.945312
1696947205.074685,98.300000,102488.167969,158990.882812
