1696945984.241285,0.000000,109074.621094,166796.214844
1696945984.277669,101.600000,108826.730469,166568.628906
1696945985.273968,103.000000,111085.203125,169077.421875
1696945986.272101,102.000000,110516.429688,168190.660156
1696945987.279091,103.000000,110614.953125,168537.308594
1696945988.271495,104.000000,110529.570312,168415.640625
1696945989.273958,103.000000,110993.730469,168914.156250
1696945990.271440,103.000000,110836.156250,169189.175781
1696945991.274482,103.000000,110934.937500,169268.875000
1696945992.272545,103.000000,109905.300781,167316.164062
1696945993.273289,103.000000,111044.726562,169304.246094
1696945994.272124,104.000000,111009.597656,169156.484375
1696945995.270558,103.000000,110293.492188,167913.507812
1696945996.271210,102.000000,111075.863281,169258.902344
1696945997.272854,103.000000,110833.632812,168827.683594
1696945998.270509,103.000000,110708.605469,169181.628906
1696945999.271836,103.000000,110512.078125,168055.015625
1696946000.273133,103.000000,110652.976562,168389.640625
1696946001.270348,102.000000,110843.968750,169027.386719
1696946002.269730,103.000000,110451.570312,168424.070312
1696946003.271471,104.000000,110803.390625,169017.953125
1696946004.270149,102.000000,110677.089844,168507.941406
1696946005.274314,103.000000,110739.300781,168547.476562
1696946006.271828,103.000000,110403.066406,168697.812500
1696946007.269908,103.000000,109820.003906,167509.718750
1696946008.270469,103.000000,109432.902344,167677.082031
1696946009.271215,103.000000,109405.214844,167326.238281
1696946010.270015,102.000000,109514.601562,167447.304688
1696946011.273849,104.000000,109196.730469,167570.929688
1696946012.269803,103.000000,109189.125000,167083.191406
1696946013.272700,103.000000,108878.140625,166699.960938
1696946014.271281,103.000000,109036.898438,166971.968750
1696946015.269596,102.000000,108997.585938,166814.117188
1696946016.271558,103.000000,108662.835938,166818.035156
1696946017.270614,103.000000,108175.718750,166171.640625
1696946018.269489,103.000000,107920.054688,165579.109375
1696946019.270007,103.000000,108206.859375,166276.976562
1696946020.269223,103.000000,108172.035156,165696.429688
1696946021.268991,102.000000,107723.187500,165511.804688
1696946022.270003,103.000000,107454.988281,165102.992188
1696946023.271674,103.000000,107283.886719,165110.722656
1696946024.274062,102.000000,107348.679688,165065.632812
1696946025.271264,104.000000,106751.011719,164158.820312
1696946026.269464,102.000000,106782.992188,164884.078125
1696946027.270729,103.000000,106080.230469,163812.878906
1696946028.270889,104.000000,106554.722656,164562.187500
1696946029.271586,102.000000,106650.742188,164445.011719
1696946030.269812,103.000000,106673.695312,164639.972656
1696946031.269089,103.000000,106937.902344,165039.312500
1696946032.269785,102.000000,106406.433594,164381.953125
1696946033.271056,103.000000,106684.035156,164676.605469
1696946034.268941,103.000000,106482.777344,163975.851562
1696946035.268883,102.000000,106666.390625,164651.875000
1696946036.268657,103.000000,106288.339844,164293.281250
1696946037.268407,103.000000,106380.417969,164232.726562
1696946038.269025,102.000000,106263.449219,164317.621094
1696946039.268212,104.000000,106659.320312,164286.828125
1696946040.268352,102.000000,106483.449219,164294.562500
1696946041.267318,102.000000,106441.652344,164466.988281
1696946042.268169,102.000000,106482.808594,164424.687500
1696946043.268294,104.000000,106643.539062,164663.566406
1696946044.267857,102.000000,106417.078125,164099.164062
1696946045.268328,103.000000,106101.777344,163568.210938
1696946046.269134,102.000000,106271.257812,163681.414062
1696946047.270272,102.000000,106451.085938,164324.386719
1696946048.268113,104.000000,106460.996094,164105.246094
1696946049.267852,102.000000,106603.976562,164489.800781
1696946050.269285,102.000000,106491.921875,164427.566406
1696946051.268173,103.000000,106348.386719,163988.218750
1696946052.268472,103.000000,106073.054688,163407.234375
1696946053.270305,102.000000,106643.035156,164658.886719
1696946054.268296,103.000000,106389.074219,164106.296875
1696946055.267994,103.000000,106549.078125,164622.218750
1696946056.267549,103.000000,106200.074219,163727.519531
1696946057.268451,102.000000,106489.367188,164238.460938
1696946058.267683,102.000000,106105.316406,163716.882812
1696946059.270492,102.000000,106735.816406,164636.144531
1696946060.271452,104.000000,106429.304688,164115.398438
1696946061.268820,102.000000,106709.976562,164805.531250
1696946062.267856,103.000000,106506.261719,164320.601562
1696946063.268178,102.000000,105896.277344,163480.769531
1696946064.269138,103.000000,106719.285156,164385.203125
1696946065.268821,103.000000,106105.328125,163677.210938
1696946066.270401,103.000000,106358.351562,164040.910156
1696946067.268040,102.000000,106641.621094,164286.839844
1696946068.266899,103.000000,106413.988281,163911.085938
1696946069.269400,102.000000,106538.187500,164500.046875
1696946070.266138,103.000000,106150.679688,163588.707031
1696946071.268970,102.000000,106283.726562,163763.316406
1696946072.269337,102.000000,106435.875000,164122.035156
1696946073.276391,104.000000,106327.902344,163745.804688
1696946074.271610,103.000000,106323.261719,164278.144531
1696946075.267342,103.000000,106193.093750,163604.898438
1696946076.271933,102.000000,106234.058594,163784.441406
1696946077.278449,103.000000,106523.328125,164110.371094
1696946078.281476,104.000000,106783.078125,164677.351562
1696946079.273184,104.000000,106395.480469,164536.296875
1696946080.268502,103.000000,106308.050781,163985.960938
1696946081.269629,103.000000,106647.941406,164261.468750
1696946082.272655,102.000000,106707.656250,164629.027344
1696946083.276678,104.000000,106323.617188,163745.804688
1696946084.268837,102.000000,106284.910156,163787.968750
1696946085.269136,103.000000,106613.410156,164664.695312
1696946086.270367,103.000000,106918.203125,165122.003906
1696946087.285734,103.000000,106422.847656,164011.511719
1696946088.268170,104.000000,106560.652344,164300.875000
1696946089.269285,102.000000,106279.363281,163966.824219
1696946090.270043,103.000000,106435.292969,164125.687500
1696946091.276368,103.000000,106508.968750,164283.718750
1696946092.268569,103.000000,106603.496094,164098.718750
1696946093.268697,103.000000,106424.472656,164190.492188
1696946094.269105,102.000000,106613.066406,164787.265625
1696946095.270487,103.000000,106832.386719,165255.519531
1696946096.276594,102.000000,106687.882812,164696.203125
1696946097.274509,104.000000,106481.894531,164042.949219
1696946098.269412,103.000000,106263.175781,163823.394531
1696946099.269263,102.000000,106703.230469,164515.187500
1696946100.270830,104.000000,106257.726562,164286.777344
1696946101.277515,103.000000,106895.027344,164872.566406
1696946102.267706,102.000000,106585.761719,164327.265625
1696946103.268479,103.000000,106490.191406,164276.949219
1696946104.268536,103.000000,106251.812500,163888.761719
1696946105.271378,103.000000,106579.664062,164591.457031
1696946106.277663,103.000000,106605.183594,164586.492188
1696946107.276932,103.000000,106408.699219,164108.347656
1696946108.269233,103.000000,106222.035156,163583.691406
1696946109.267703,103.000000,106538.234375,164289.867188
1696946110.271439,103.000000,106095.578125,163906.718750
1696946111.280218,102.000000,106321.921875,164019.542969
1696946112.272255,104.000000,106807.558594,164552.421875
1696946113.271302,103.000000,106711.531250,164321.781250
1696946114.268842,103.000000,106382.945312,164264.570312
1696946115.270344,103.000000,106603.593750,164660.496094
1696946116.267289,102.000000,105945.929688,163292.054688
1696946117.267859,102.000000,106536.066406,164800.695312
1696946118.267529,103.000000,106536.632812,164456.507812
1696946119.271577,103.000000,106328.500000,164109.476562
1696946120.268179,103.000000,106407.695312,164197.058594
1696946121.271560,102.000000,106343.269531,163903.976562
1696946122.272650,103.000000,106501.167969,164599.160156
1696946123.266652,104.000000,106569.527344,164321.773438
1696946124.268525,101.000000,106556.175781,164315.871094
1696946125.268637,103.000000,106453.621094,164132.792969
1696946126.268110,103.000000,106876.832031,164793.085938
1696946127.268371,102.000000,106200.164062,163874.562500
1696946128.269213,102.000000,106470.941406,164138.628906
1696946129.277958,103.000000,106456.390625,164093.878906
1696946130.279897,103.000000,106492.953125,164110.382812
1696946131.270942,104.000000,106383.382812,164304.605469
1696946132.268724,103.000000,106484.980469,163936.605469
1696946133.275930,103.000000,106257.769531,164138.355469
1696946134.268128,103.000000,106577.000000,164319.968750
1696946135.267433,103.000000,106465.476562,164110.339844
1696946136.269020,102.000000,106309.820312,164446.781250
1696946137.269353,102.000000,106340.710938,163760.148438
1696946138.281769,103.000000,106317.062500,163899.910156
1696946139.277610,104.000000,106533.265625,164445.351562
1696946140.281513,103.000000,106493.195312,164080.433594
1696946141.273583,104.000000,106289.734375,164176.863281
1696946142.269080,103.000000,106731.933594,164264.000000
1696946143.276130,103.000000,106683.058594,164448.066406
1696946144.274265,103.000000,106580.316406,164459.687500
1696946145.269640,103.000000,106625.484375,164349.644531
1696946146.101960,93.500000,104617.164062,162362.773438
