1696947992.197438,0.000000,118712.042969,179702.207031
1696947992.231909,78.300000,118712.042969,179702.207031
1696947993.222741,102.000000,120467.851562,181458.269531
1696947994.234418,102.000000,120467.851562,181458.269531
1696947995.230455,103.000000,120467.851562,181458.269531
1696947996.228746,103.000000,120468.105469,181458.269531
1696947997.228678,103.000000,120468.105469,181458.269531
1696947998.225912,102.900000,120468.105469,181458.269531
1696947999.228365,102.100000,120468.105469,181458.269531
1696948000.229863,104.000000,120468.105469,181458.269531
1696948001.229711,103.000000,120468.105469,181458.269531
1696948002.228858,102.000000,120468.105469,181458.269531
1696948003.235811,103.300000,120468.105469,181458.269531
1696948004.228600,103.700000,120468.105469,181458.269531
1696948005.228652,103.000000,120468.105469,181458.269531
1696948006.228537,103.000000,120468.105469,181458.269531
1696948007.228659,103.000000,120468.105469,181458.269531
1696948008.228861,103.000000,120468.105469,181458.269531
1696948009.228625,103.000000,120468.105469,181458.269531
1696948010.228586,103.000000,120468.105469,181458.269531
1696948011.228909,103.000000,120468.105469,181458.269531
1696948012.228793,103.000000,120468.105469,181458.269531
1696948013.229017,102.000000,120468.105469,181458.269531
1696948014.228634,104.000000,120468.105469,181458.269531
1696948015.230522,102.000000,120468.105469,181458.269531
1696948016.228351,103.000000,120468.105469,181458.269531
1696948017.228555,104.000000,120468.105469,181458.269531
1696948018.228299,102.000000,120468.105469,181458.269531
1696948019.231224,103.000000,120468.105469,181458.269531
1696948020.228401,104.000000,120468.105469,181458.269531
1696948021.234858,103.500000,120468.105469,181458.269531
1696948022.237615,102.700000,120468.167969,181458.269531
1696948023.228592,103.800000,120468.167969,181458.269531
1696948024.229475,103.000000,120468.167969,181458.269531
1696948025.228429,103.000000,120468.167969,181458.269531
1696948026.228345,103.000000,120468.167969,181458.269531
1696948027.225145,102.000000,120468.167969,181458.269531
1696948028.228266,104.000000,120468.167969,181458.269531
1696948029.228457,103.000000,120468.167969,181458.269531
1696948030.228644,103.000000,120468.167969,181458.269531
1696948031.228481,102.000000,120468.167969,181458.269531
1696948032.228458,103.000000,120469.796875,181458.269531
1696948033.228397,103.000000,120469.796875,181458.269531
1696948034.228229,103.000000,120469.796875,181458.269531
1696948035.232952,103.700000,120469.796875,181458.269531
1696948036.228631,102.300000,120469.796875,181458.269531
1696948037.228358,103.000000,120469.796875,181458.269531
1696948038.228438,103.000000,120469.796875,181458.269531
1696948039.228737,103.000000,120469.796875,181458.269531
1696948040.228123,102.000000,120469.796875,181458.269531
1696948041.228576,103.000000,120469.796875,181458.269531
1696948042.228402,104.000000,120469.796875,181458.269531
1696948043.228434,103.000000,120469.796875,181458.269531
1696948044.228388,103.000000,120469.796875,181458.269531
1696948045.228572,102.000000,120469.796875,181458.269531
1696948046.228381,103.000000,120469.796875,181458.269531
1696948047.228366,103.000000,120469.796875,181458.269531
1696948048.228230,103.000000,120469.796875,181458.269531
1696948049.228374,103.000000,120469.796875,181458.269531
1696948050.228351,103.000000,120469.796875,181458.269531
1696948051.228725,103.000000,120469.796875,181458.269531
1696948052.228462,103.000000,120469.796875,181458.269531
1696948053.228746,103.000000,120469.796875,181458.269531
1696948054.228325,103.000000,120469.796875,181458.269531
1696948055.229017,102.000000,120469.796875,181458.269531
1696948056.229909,103.000000,120469.796875,181458.269531
1696948057.228765,104.000000,120469.796875,181458.269531
1696948058.228599,103.000000,120469.796875,181458.269531
1696948059.228326,102.000000,120469.796875,181458.269531
1696948060.228539,103.000000,120469.796875,181458.269531
1696948061.228265,103.000000,120469.796875,181458.269531
1696948062.228457,103.000000,120469.796875,181458.269531
1696948063.228404,103.000000,120469.796875,181458.269531
1696948064.228771,103.000000,120469.796875,181458.269531
1696948065.228605,103.000000,120469.796875,181458.269531
1696948066.228243,103.000000,120469.796875,181458.269531
1696948067.228584,102.000000,120469.796875,181458.269531
1696948068.228830,104.000000,120469.796875,181458.269531
1696948069.228373,103.000000,120469.796875,181458.269531
1696948070.228389,103.000000,120469.796875,181458.269531
1696948071.224718,102.000000,120469.796875,181458.269531
1696948072.228518,104.000000,120469.796875,181458.269531
1696948073.228469,102.000000,120469.796875,181458.269531
1696948074.229042,103.000000,120469.796875,181458.269531
1696948075.228549,103.000000,120469.796875,181458.269531
1696948076.228637,103.000000,120469.796875,181458.269531
1696948077.228839,103.000000,120469.796875,181458.269531
1696948078.228934,103.000000,120469.796875,181458.269531
1696948079.230222,103.000000,120469.796875,181458.269531
1696948080.228495,103.000000,120469.796875,181458.269531
1696948081.228457,103.000000,120469.796875,181458.269531
1696948082.228373,103.000000,120469.796875,181458.269531
1696948083.228882,103.000000,120469.796875,181458.269531
1696948084.228575,102.000000,120469.796875,181458.269531
1696948085.228545,103.000000,120469.796875,181458.269531
1696948086.228557,104.000000,120469.796875,181458.269531
1696948087.228225,102.000000,120469.796875,181458.269531
1696948088.228382,103.000000,120469.796875,181458.269531
1696948089.228573,104.000000,120469.796875,181458.269531
1696948090.228201,102.000000,120469.796875,181458.269531
1696948091.229927,102.000000,120469.796875,181458.269531
1696948092.228131,103.000000,120469.953125,181458.269531
1696948093.229922,104.000000,120469.953125,181458.269531
1696948094.229840,103.000000,120469.953125,181458.269531
1696948095.228765,103.000000,120469.953125,181458.269531
1696948096.228315,103.000000,120469.953125,181458.269531
1696948097.228449,103.000000,120469.953125,181458.269531
1696948098.228472,103.000000,120469.953125,181458.269531
1696948099.228163,102.000000,120469.953125,181458.269531
1696948100.228713,104.000000,120469.953125,181458.269531
1696948101.228707,103.000000,120469.953125,181458.269531
1696948102.228039,102.000000,120469.964844,181458.269531
1696948103.228474,104.000000,120469.964844,181458.269531
1696948104.228454,102.000000,120469.964844,181458.269531
1696948105.228733,103.000000,120469.964844,181458.269531
1696948106.228540,103.000000,120469.964844,181458.269531
1696948107.228559,103.000000,120469.964844,181458.269531
1696948108.228667,103.000000,120469.964844,181458.269531
1696948109.228251,103.000000,120469.964844,181458.269531
1696948110.229060,103.000000,120469.964844,181458.269531
1696948111.228420,103.000000,120469.964844,181458.269531
1696948112.228919,103.000000,120469.964844,181458.269531
1696948113.229016,102.000000,120469.964844,181458.269531
1696948114.228378,103.000000,120469.964844,181458.269531
1696948115.228987,104.000000,120469.964844,181458.269531
1696948116.228434,102.000000,120469.964844,181458.269531
1696948117.229427,103.000000,120469.964844,181458.269531
1696948118.229293,103.000000,120469.964844,181458.269531
1696948119.228523,103.000000,120469.964844,181458.269531
1696948120.228239,103.000000,120469.964844,181458.269531
1696948121.228831,103.000000,120469.964844,181458.269531
1696948122.228691,103.000000,120469.964844,181458.269531
1696948123.228572,103.000000,120469.964844,181458.269531
1696948124.228928,103.000000,120469.964844,181458.269531
1696948125.228661,103.000000,120469.964844,181458.269531
1696948126.228553,102.000000,120469.964844,181458.269531
1696948127.228371,103.000000,120469.964844,181458.269531
1696948128.228620,104.000000,120469.964844,181458.269531
1696948129.228551,102.000000,120469.964844,181458.269531
1696948130.228230,104.000000,120469.964844,181458.269531
1696948131.228469,103.000000,120469.964844,181458.269531
1696948132.228498,102.000000,120469.964844,181458.269531
1696948133.228290,103.000000,120469.964844,181458.269531
1696948134.228264,104.000000,120469.964844,181458.269531
1696948135.228266,102.000000,120469.964844,181458.269531
1696948136.228411,103.000000,120469.964844,181458.269531
1696948137.228427,103.000000,120469.964844,181458.269531
1696948137.417855,96.700000,118713.902344,179702.207031
