1696911141.576676,0.000000,400.421875,630.039062
1696911141.621299,22.400000,402.421875,702.042969
1696911142.618217,17.000000,402.421875,702.042969
1696911143.618308,27.000000,402.421875,702.042969
1696911144.618530,26.000000,402.421875,702.042969
1696911145.620471,19.000000,402.421875,702.042969
1696911146.618566,41.000000,402.421875,702.042969
1696911147.618501,20.000000,402.421875,702.042969
1696911148.618705,24.000000,402.421875,702.042969
1696911149.618520,29.000000,402.421875,702.042969
1696911150.618571,45.000000,402.421875,702.042969
1696911151.618618,38.000000,402.421875,702.042969
1696911152.618445,33.000000,402.488281,702.042969
1696911153.618515,25.000000,402.488281,702.042969
1696911154.618941,31.000000,402.488281,702.042969
1696911155.032981,60.300000,400.535156,702.042969
