1696949206.318223,0.000000,104499.394531,161134.957031
1696949206.349618,133.900000,104499.394531,161134.957031
1696949207.348464,102.000000,106255.511719,162891.019531
1696949208.341428,102.000000,106255.519531,162891.019531
1696949209.350183,102.000000,106255.562500,162891.019531
1696949210.348255,103.000000,106255.648438,162891.019531
1696949211.347569,103.000000,106255.671875,162891.019531
1696949212.347922,102.000000,106255.687500,162891.019531
1696949213.348223,103.000000,106255.687500,162891.019531
1696949214.348406,103.000000,106255.730469,162891.019531
1696949215.348390,102.000000,106255.789062,162891.019531
1696949216.347976,103.000000,106255.800781,162891.019531
1696949217.348031,103.000000,106255.902344,162891.019531
1696949218.348178,103.000000,106255.902344,162891.019531
1696949219.348011,103.000000,106255.902344,162891.019531
1696949220.348014,103.000000,106255.941406,162891.019531
1696949221.347970,102.000000,106255.945312,162891.019531
1696949222.348600,103.000000,106255.945312,162891.019531
1696949223.348073,103.000000,106255.957031,162891.019531
1696949224.352110,102.000000,106256.058594,162891.019531
1696949225.348169,104.000000,106256.058594,162891.019531
1696949226.347840,103.000000,106256.253906,162891.019531
1696949227.348025,102.000000,106256.296875,162891.019531
1696949228.347784,104.000000,106256.316406,162891.019531
1696949229.348282,103.000000,106256.316406,162891.019531
1696949230.344683,102.000000,106256.316406,162891.019531
1696949231.348300,102.000000,106256.375000,162891.019531
1696949232.348510,104.000000,106256.375000,162891.019531
1696949233.348560,102.000000,106256.378906,162891.019531
1696949234.348378,104.000000,106256.378906,162891.019531
1696949235.351957,102.000000,106256.457031,162891.019531
1696949236.348236,103.000000,106256.468750,162891.019531
1696949237.348326,103.000000,106256.468750,162891.019531
1696949238.348348,102.000000,106256.468750,162891.019531
1696949239.348523,104.000000,106256.468750,162891.019531
1696949240.348235,102.000000,106256.468750,162891.019531
1696949241.348234,103.000000,106256.535156,162891.019531
1696949242.345522,103.000000,106256.636719,162891.019531
1696949243.348477,102.000000,106256.636719,162891.019531
1696949244.348478,103.000000,106256.714844,162891.019531
1696949245.348331,103.000000,106256.714844,162891.019531
1696949246.347851,103.000000,106256.777344,162891.019531
1696949247.348430,102.000000,106256.792969,162891.019531
1696949248.348285,104.000000,106256.800781,162891.019531
1696949249.348158,102.000000,106256.800781,162891.019531
1696949250.348337,103.000000,106256.800781,162891.019531
1696949251.348531,102.000000,106256.800781,162891.019531
1696949252.348774,104.000000,106256.800781,162891.019531
1696949253.348644,103.000000,106256.800781,162891.019531
1696949254.343503,103.000000,106256.800781,162891.019531
1696949255.348555,101.000000,106256.800781,162891.019531
1696949256.348626,103.000000,106256.800781,162891.019531
1696949257.348264,104.000000,106256.894531,162891.019531
1696949258.348744,102.000000,106256.902344,162891.019531
1696949259.349092,103.000000,106256.906250,162891.019531
1696949260.348544,103.000000,106257.000000,162891.019531
1696949261.348676,103.000000,106257.000000,162891.019531
1696949262.344580,103.000000,106257.000000,162891.019531
1696949263.348240,102.000000,106257.000000,162891.019531
1696949264.348936,103.000000,106257.015625,162891.019531
1696949265.348486,103.000000,106257.015625,162891.019531
1696949266.348686,103.000000,106257.015625,162891.019531
1696949267.348166,102.000000,106257.015625,162891.019531
1696949268.348635,104.000000,106257.015625,162891.019531
1696949269.348595,103.000000,106257.015625,162891.019531
1696949270.348354,102.000000,106257.015625,162891.019531
1696949271.342843,104.000000,106257.175781,162891.019531
1696949272.348489,101.000000,106257.175781,162891.019531
1696949273.348562,103.000000,106257.175781,162891.019531
1696949274.348259,96.000000,106257.175781,162891.019531
1696949275.348435,103.000000,106257.175781,162891.019531
1696949276.348742,103.000000,106257.175781,162891.019531
1696949277.348054,104.000000,106257.257812,162891.019531
1696949278.345386,102.000000,106257.257812,162891.019531
1696949279.348556,102.000000,106257.273438,162891.019531
1696949280.348435,104.000000,106257.394531,162891.019531
1696949281.348272,103.000000,106257.394531,162891.019531
1696949282.348559,102.000000,106257.402344,162891.019531
1696949283.348965,103.000000,106257.402344,162891.019531
1696949284.348287,103.000000,106257.410156,162891.019531
1696949285.348551,102.000000,106257.410156,162891.019531
1696949286.348617,104.000000,106257.410156,162891.019531
1696949287.348390,102.000000,106257.410156,162891.019531
1696949288.349026,103.000000,106257.410156,162891.019531
1696949289.348509,103.000000,106257.410156,162891.019531
1696949290.348398,103.000000,106257.410156,162891.019531
1696949291.348692,102.000000,106257.523438,162891.019531
1696949292.348522,103.000000,106257.574219,162891.019531
1696949293.348586,103.000000,106257.574219,162891.019531
1696949294.348974,103.000000,106257.574219,162891.019531
1696949295.348578,104.000000,106257.574219,162891.019531
1696949296.348787,102.000000,106261.085938,162891.019531
1696949297.348379,103.000000,106261.085938,162891.019531
1696949298.348140,102.000000,106261.085938,162891.019531
1696949299.348316,104.000000,106261.085938,162891.019531
1696949300.349021,102.000000,106261.085938,162891.019531
1696949301.348616,103.000000,106261.085938,162891.019531
1696949302.348407,103.000000,106261.085938,162891.019531
1696949303.348397,103.000000,106261.085938,162891.019531
1696949304.349182,103.000000,106261.085938,162891.019531
1696949305.348380,103.000000,106261.085938,162891.019531
1696949306.348001,103.000000,106261.488281,162891.019531
1696949307.347998,103.000000,106261.492188,162891.019531
1696949308.348337,102.000000,106261.492188,162891.019531
1696949309.348434,103.000000,106261.500000,162891.019531
1696949310.348411,103.000000,106261.500000,162891.019531
1696949311.345183,103.000000,106261.500000,162891.019531
1696949312.348379,102.000000,106261.500000,162891.019531
1696949313.348378,103.000000,106261.500000,162891.019531
1696949314.349470,103.000000,106261.613281,162891.019531
1696949315.348516,103.000000,106261.730469,162891.019531
1696949316.344558,103.000000,106263.781250,162891.019531
1696949317.348377,102.000000,106263.781250,162891.019531
1696949318.348331,103.000000,106263.781250,162891.019531
1696949319.348806,103.000000,106263.781250,162891.019531
1696949320.348589,102.000000,106263.781250,162891.019531
1696949321.349489,103.000000,106263.781250,162891.019531
1696949322.348164,103.000000,106263.781250,162891.019531
1696949323.348519,104.000000,106263.781250,162891.019531
1696949324.349133,102.000000,106263.781250,162891.019531
1696949325.348154,103.000000,106263.781250,162891.019531
1696949326.348396,103.000000,106263.781250,162891.019531
1696949327.348542,102.000000,106263.781250,162891.019531
1696949328.348684,104.000000,106263.781250,162891.019531
1696949329.348421,102.000000,106263.781250,162891.019531
1696949330.348310,103.000000,106263.781250,162891.019531
1696949331.348615,103.000000,106263.781250,162891.019531
1696949332.348222,103.000000,106263.781250,162891.019531
1696949333.348505,103.000000,106263.781250,162891.019531
1696949334.348474,102.000000,106263.781250,162891.019531
1696949335.348574,99.000000,106263.781250,162891.019531
1696949336.348235,103.000000,106263.781250,162891.019531
1696949337.348354,103.000000,106263.914062,162891.019531
1696949338.348559,103.000000,106264.027344,162891.019531
1696949339.348324,103.000000,106264.031250,162891.019531
1696949340.348694,103.000000,106264.031250,162891.019531
1696949341.348426,102.000000,106264.035156,162891.019531
1696949342.348640,103.000000,106264.035156,162891.019531
1696949343.348472,103.000000,106264.039062,162891.019531
1696949344.348493,102.000000,106264.039062,162891.019531
1696949345.349345,103.000000,106264.046875,162891.019531
1696949346.347916,103.000000,106264.046875,162891.019531
1696949347.348234,104.000000,106264.046875,162891.019531
1696949348.348377,102.000000,106264.046875,162891.019531
1696949349.348517,103.000000,106264.046875,162891.019531
1696949350.348294,103.000000,106264.046875,162891.019531
1696949351.348622,103.000000,106264.046875,162891.019531
1696949352.349290,103.000000,106264.046875,162891.019531
1696949353.348394,102.000000,106264.296875,162891.019531
1696949354.348966,102.000000,106264.304688,162891.019531
1696949354.421042,42.400000,104508.242188,161134.957031
