1696947094.223063,0.000000,121080.019531,183354.464844
1696947094.258824,73.900000,121106.980469,183354.496094
1696947095.263572,103.000000,123160.605469,185786.667969
1696947096.260214,103.000000,122982.656250,185393.613281
1696947097.259497,104.000000,122872.042969,185041.886719
1696947098.250514,104.000000,122432.531250,184194.964844
1696947099.250999,102.000000,122711.035156,184747.750000
1696947100.251312,103.000000,123123.093750,185588.835938
1696947101.258036,102.000000,123047.800781,185282.808594
1696947102.251130,103.000000,122763.230469,184878.085938
1696947103.250937,104.000000,122964.828125,185035.703125
1696947104.250103,102.000000,123161.238281,185587.375000
1696947105.250191,103.000000,122731.957031,184933.906250
1696947106.253630,102.000000,122933.304688,185315.363281
1696947107.253526,103.000000,123282.117188,185591.550781
1696947108.250696,103.000000,122654.710938,184742.699219
1696947109.251065,103.000000,122848.488281,185035.414062
1696947110.250654,102.000000,121921.953125,183529.968750
1696947111.253552,103.000000,122827.226562,185125.960938
1696947112.259717,102.000000,123055.824219,185521.421875
1696947113.259471,105.000000,122954.433594,185386.664062
1696947114.251256,103.000000,123023.359375,185596.417969
1696947115.251141,103.000000,123132.679688,185517.031250
1696947116.254513,102.000000,122296.355469,184190.503906
1696947117.252015,103.000000,122810.687500,184916.527344
1696947118.251429,103.000000,122663.867188,184759.835938
1696947119.250619,103.000000,122329.195312,184188.941406
1696947120.250539,102.000000,123175.601562,185782.859375
1696947121.251304,103.000000,122420.750000,184178.890625
1696947122.252194,103.000000,122972.976562,185396.015625
1696947123.250331,103.000000,122843.371094,184870.734375
1696947124.251529,102.000000,122685.281250,184889.496094
1696947125.251178,103.000000,122804.542969,185197.324219
1696947126.251519,103.000000,122603.824219,184614.058594
1696947127.260196,102.000000,122793.636719,185200.980469
1696947128.259758,104.000000,122913.835938,185389.613281
1696947129.251961,104.000000,122433.039062,184193.121094
1696947130.269948,102.000000,122880.507812,185155.164062
1696947131.268645,105.000000,123126.316406,185419.128906
1696947132.254396,105.000000,122006.511719,183787.007812
1696947133.260229,103.000000,122890.601562,185106.996094
1696947134.252545,102.000000,122820.230469,185087.457031
1696947135.251178,104.000000,123060.824219,185588.968750
1696947136.252138,102.000000,122813.707031,184877.347656
1696947137.259592,103.000000,122678.199219,184822.585938
1696947138.264875,104.000000,123190.203125,185359.203125
1696947139.258830,104.000000,122717.488281,184973.742188
1696947140.252927,104.000000,122639.167969,184694.519531
1696947141.252959,102.000000,122837.011719,185063.203125
1696947142.252368,103.000000,122823.914062,185226.109375
1696947143.252938,103.000000,122637.390625,184520.632812
1696947144.263576,103.000000,122545.718750,184726.656250
1696947145.263915,103.000000,122533.820312,184707.835938
1696947146.260943,105.000000,123079.695312,185249.808594
1696947147.261047,103.000000,122694.652344,184531.812500
1696947148.251948,104.000000,122991.250000,185125.003906
1696947149.254618,102.000000,122887.113281,185254.437500
1696947150.259920,104.000000,123249.140625,185742.628906
1696947151.250917,104.000000,122727.910156,184752.960938
1696947152.252102,102.000000,122952.738281,185046.171875
1696947153.253684,103.000000,122778.691406,185042.875000
1696947154.253776,102.000000,122871.484375,184866.429688
1696947155.250368,104.000000,123267.566406,186134.164062
1696947156.253133,102.000000,122721.191406,184918.351562
1696947157.251333,103.000000,123023.359375,185270.761719
1696947158.256615,102.000000,122714.714844,184877.796875
1696947159.255116,104.000000,122779.320312,185134.367188
1696947160.258879,104.000000,122483.023438,184525.164062
1696947161.253862,102.000000,122921.570312,185054.406250
1696947162.251284,103.000000,122461.480469,184367.023438
1696947163.247294,103.000000,122835.820312,185040.171875
1696947164.263044,102.000000,122843.738281,185282.996094
1696947165.259640,104.000000,122552.589844,184513.257812
1696947166.256937,104.000000,123108.023438,185784.539062
1696947167.251532,103.000000,122722.687500,184727.062500
1696947168.252193,103.000000,122760.851562,184882.015625
1696947169.260207,103.000000,122651.859375,184944.054688
1696947170.259947,104.000000,122879.402344,184908.410156
1696947171.251205,103.000000,122602.710938,184521.988281
1696947172.251080,103.000000,122730.128906,184908.003906
1696947173.251801,102.000000,122642.109375,184614.394531
1696947174.252053,103.000000,122637.687500,184877.253906
1696947175.253907,103.000000,122722.046875,185164.000000
1696947176.252030,103.000000,122841.878906,184896.347656
1696947177.250699,103.000000,122688.929688,184785.757812
1696947178.251421,102.000000,122939.968750,185254.417969
1696947179.263440,103.000000,122242.574219,184305.445312
1696947180.258894,104.000000,122799.156250,184998.238281
1696947181.253123,103.000000,123123.164062,185265.460938
1696947182.253551,103.000000,122436.191406,184193.121094
1696947183.253896,103.000000,122696.460938,185259.097656
1696947184.260809,103.000000,122781.070312,184769.273438
1696947185.255238,104.000000,123169.257812,185645.171875
1696947186.251627,103.000000,122887.851562,185270.042969
1696947187.251404,103.000000,122769.015625,184855.003906
1696947188.250806,102.000000,122119.238281,184040.101562
1696947189.251745,103.000000,122526.898438,184432.566406
1696947190.261935,103.000000,122450.945312,184194.964844
1696947191.259688,104.000000,122421.449219,184164.660156
1696947192.260485,103.000000,123178.832031,185984.789062
1696947193.262031,103.000000,122834.429688,185073.312500
1696947194.263039,105.000000,122930.644531,185430.507812
1696947195.252700,103.000000,122829.628906,184987.046875
1696947196.253510,103.000000,122962.121094,185061.671875
1696947197.252695,103.000000,122355.660156,184257.941406
1696947198.250923,103.000000,122802.261719,185231.089844
1696947199.254013,103.000000,122528.820312,184402.500000
1696947200.252747,103.000000,122922.675781,185182.394531
1696947201.251444,102.000000,123050.441406,185065.746094
1696947202.259361,103.000000,122331.390625,184289.621094
1696947203.262636,104.000000,122731.023438,185056.781250
1696947204.250373,103.000000,122487.808594,184586.304688
1696947205.251603,103.000000,122797.324219,184913.296875
1696947206.251193,103.000000,122924.972656,185047.410156
1696947207.259011,103.000000,123063.355469,185091.437500
1696947208.262610,103.000000,122434.441406,184601.800781
1696947209.266471,104.000000,122685.949219,184829.468750
1696947210.260849,104.000000,122633.402344,184573.792969
1696947211.255563,104.000000,122992.410156,185249.765625
1696947212.253904,103.000000,122792.492188,184959.273438
1696947213.253453,103.000000,122632.117188,185047.546875
1696947214.261976,102.000000,122879.863281,185333.652344
1696947215.254171,104.000000,123052.156250,185234.078125
1696947216.254663,104.000000,122911.687500,185047.472656
1696947217.261122,102.000000,122991.589844,185068.796875
1696947218.260267,104.000000,122800.363281,184885.187500
1696947219.251460,103.000000,122700.964844,184954.933594
1696947220.253296,103.000000,122868.761719,185252.941406
1696947221.251999,103.000000,122816.031250,185009.863281
1696947222.251319,103.000000,123118.281250,185230.175781
1696947223.251362,102.000000,122987.273438,185186.468750
1696947224.262735,104.000000,122533.679688,184724.957031
1696947225.252123,104.000000,123313.835938,185949.437500
1696947226.263322,102.000000,122838.628906,185050.449219
1696947227.255265,104.000000,122699.214844,184689.863281
1696947228.251804,103.000000,122795.539062,184929.359375
1696947229.252124,102.000000,122652.980469,184520.632812
1696947230.262277,103.000000,122506.753906,184760.949219
1696947231.264969,105.000000,122933.015625,185038.843750
1696947232.251117,104.000000,122961.035156,185066.566406
1696947233.249567,102.000000,122796.531250,184871.000000
1696947234.249759,103.000000,122714.519531,184546.042969
1696947235.263095,103.000000,122570.601562,184720.417969
1696947236.268398,103.000000,122692.339844,184738.730469
1696947237.252002,104.000000,122884.992188,185029.570312
1696947238.252849,104.000000,122819.238281,184694.042969
1696947239.253574,102.000000,122674.949219,185087.035156
1696947240.260657,104.000000,122391.875000,184256.000000
1696947241.261190,103.000000,122867.125000,185254.773438
1696947242.255935,103.000000,122482.285156,184635.414062
1696947243.260156,104.000000,122954.050781,184870.503906
1696947244.258391,104.000000,122712.750000,184547.886719
1696947245.251917,103.000000,122807.363281,184822.125000
1696947246.264680,102.000000,123010.468750,185686.496094
1696947247.267987,105.000000,123111.277344,185769.679688
1696947248.250772,104.000000,122764.921875,184922.277344
1696947249.251462,103.000000,122873.750000,184781.093750
1696947250.251527,102.000000,122477.972656,184675.992188
1696947251.254021,103.000000,123018.867188,185407.960938
1696947252.251376,103.000000,123172.207031,185975.417969
1696947253.254404,103.000000,122801.765625,184870.980469
1696947254.249721,103.000000,122970.062500,184938.765625
1696947255.252315,102.000000,122904.554688,185187.726562
1696947256.263490,104.000000,123072.265625,185400.839844
1696947257.263976,103.000000,123069.476562,186255.019531
1696947258.264657,104.000000,122630.589844,185231.269531
1696947259.251994,104.000000,122994.835938,185054.566406
1696947260.252630,103.000000,122767.988281,184857.285156
1696947261.256865,102.000000,122264.210938,184079.312500
1696947262.259804,103.000000,122404.929688,184438.824219
1696947263.261586,104.000000,122649.320312,185156.781250
1696947264.251856,104.000000,122899.445312,185047.449219
1696947265.251985,103.000000,122766.187500,184711.324219
1696947266.251320,103.000000,122376.207031,184261.125000
1696947267.262091,103.000000,122559.218750,184826.242188
1696947267.917668,96.300000,119944.523438,181500.429688
