1696946903.760473,0.000000,102478.289062,158990.882812
1696946903.794663,67.600000,102478.289062,158990.882812
1696946904.784003,102.000000,104234.699219,160746.945312
1696946905.791139,102.000000,104234.699219,160746.945312
1696946906.790973,103.000000,104234.738281,160746.945312
1696946907.790642,103.000000,104234.738281,160746.945312
1696946908.790731,103.000000,104236.738281,160746.945312
1696946909.791739,103.000000,104236.789062,160746.945312
1696946910.791448,103.000000,104236.824219,160746.945312
1696946911.791761,102.000000,104236.828125,160746.945312
1696946912.791350,104.000000,104236.835938,160746.945312
1696946913.792894,102.000000,104236.835938,160746.945312
1696946914.792944,103.000000,104236.863281,160746.945312
1696946915.791415,103.000000,104236.863281,160746.945312
1696946916.791444,103.000000,104236.863281,160746.945312
1696946917.791223,103.000000,104236.898438,160746.945312
1696946918.791452,102.000000,104236.898438,160746.945312
1696946919.791850,103.000000,104236.910156,160746.945312
1696946920.791383,103.000000,104236.910156,160746.945312
1696946921.791487,103.000000,104236.910156,160746.945312
1696946922.791315,103.000000,104236.910156,160746.945312
1696946923.791698,103.000000,104236.910156,160746.945312
1696946924.791764,102.000000,104236.910156,160746.945312
1696946925.791456,104.000000,104236.910156,160746.945312
1696946926.791616,103.000000,104237.019531,160746.945312
1696946927.793029,103.000000,104237.082031,160746.945312
1696946928.791357,103.000000,104237.257812,160746.945312
1696946929.791624,102.000000,104237.261719,160746.945312
1696946930.791474,103.000000,104237.269531,160746.945312
1696946931.791442,102.000000,104237.269531,160746.945312
1696946932.797900,103.800000,104237.269531,160746.945312
1696946933.791341,103.200000,104237.269531,160746.945312
1696946934.792175,102.900000,104237.269531,160746.945312
1696946935.791353,103.100000,104237.269531,160746.945312
1696946936.791280,103.000000,104237.269531,160746.945312
1696946937.789328,102.500000,104237.269531,160746.945312
1696946938.787395,102.500000,104237.269531,160746.945312
1696946939.794186,102.000000,104237.343750,160746.945312
1696946940.792127,104.000000,104237.343750,160746.945312
1696946941.791698,95.000000,104237.351562,160746.945312
1696946942.791763,103.000000,104237.429688,160746.945312
1696946943.791411,103.000000,104237.429688,160746.945312
1696946944.793904,103.000000,104237.515625,160746.945312
1696946945.791709,103.000000,104237.531250,160746.945312
1696946946.791791,103.000000,104237.531250,160746.945312
1696946947.792445,103.000000,104239.531250,160746.945312
1696946948.792881,103.000000,104239.531250,160746.945312
1696946949.795284,102.900000,104239.531250,160746.945312
1696946950.791429,103.100000,104239.531250,160746.945312
1696946951.793512,103.000000,104239.531250,160746.945312
1696946952.792080,103.000000,104239.531250,160746.945312
1696946953.792361,103.000000,104239.531250,160746.945312
1696946954.791496,103.000000,104239.593750,160746.945312
1696946955.802575,103.200000,104239.593750,160746.945312
1696946956.796331,104.400000,104239.593750,160746.945312
1696946957.796554,102.900000,104239.593750,160746.945312
1696946958.791552,103.500000,104239.593750,160746.945312
1696946959.792009,102.000000,104239.593750,160746.945312
1696946960.791416,103.000000,104239.593750,160746.945312
1696946961.791619,103.000000,104239.593750,160746.945312
1696946962.791640,103.000000,104239.593750,160746.945312
1696946963.791758,103.000000,104239.714844,160746.945312
1696946964.791753,103.000000,104239.714844,160746.945312
1696946965.791738,103.000000,104239.714844,160746.945312
1696946966.794049,103.000000,104239.714844,160746.945312
1696946967.791448,102.000000,104239.714844,160746.945312
1696946968.791838,103.000000,104239.867188,160746.945312
1696946969.792089,103.000000,104241.867188,160746.945312
1696946970.791408,103.000000,104241.867188,160746.945312
1696946971.793817,103.000000,104241.871094,160746.945312
1696946972.791847,103.000000,104241.882812,160746.945312
1696946973.794720,103.000000,104241.882812,160746.945312
1696946974.797917,103.000000,104241.882812,160746.945312
1696946975.791536,103.000000,104241.882812,160746.945312
1696946976.791501,103.000000,104241.882812,160746.945312
1696946977.791911,103.000000,104241.882812,160746.945312
1696946978.791761,104.000000,104241.882812,160746.945312
1696946979.791693,102.000000,104241.882812,160746.945312
1696946980.791668,103.000000,104241.882812,160746.945312
1696946981.791593,103.000000,104241.882812,160746.945312
1696946982.792105,102.000000,104241.882812,160746.945312
1696946983.794414,104.000000,104241.882812,160746.945312
1696946984.791427,103.000000,104241.882812,160746.945312
1696946985.791653,102.000000,104241.914062,160746.945312
1696946986.791571,103.000000,104241.914062,160746.945312
1696946987.791666,103.000000,104241.914062,160746.945312
1696946988.791601,103.000000,104241.914062,160746.945312
1696946989.791465,103.000000,104241.914062,160746.945312
1696946990.794136,103.000000,104241.914062,160746.945312
1696946991.791755,103.000000,104241.914062,160746.945312
1696946992.791564,103.000000,104241.914062,160746.945312
1696946993.791730,103.000000,104241.914062,160746.945312
1696946994.791436,103.000000,104242.011719,160746.945312
1696946995.792187,103.000000,104242.011719,160746.945312
1696946996.791580,103.000000,104242.011719,160746.945312
1696946997.794104,103.000000,104242.011719,160746.945312
1696946998.791711,102.000000,104242.011719,160746.945312
1696946999.791726,103.000000,104242.011719,160746.945312
1696947000.792162,103.000000,104242.011719,160746.945312
1696947001.791650,103.000000,104242.011719,160746.945312
1696947002.791626,103.000000,104242.011719,160746.945312
1696947003.791493,103.000000,104242.011719,160746.945312
1696947004.793718,103.000000,104242.011719,160746.945312
1696947005.791894,102.000000,104242.011719,160746.945312
1696947006.791425,103.000000,104242.187500,160746.945312
1696947007.791847,103.000000,104242.187500,160746.945312
1696947008.791461,103.000000,104242.187500,160746.945312
1696947009.792082,104.000000,104242.187500,160746.945312
1696947010.791631,103.000000,104242.187500,160746.945312
1696947011.793889,102.000000,104242.187500,160746.945312
1696947012.791762,103.000000,104242.187500,160746.945312
1696947013.792480,102.000000,104242.187500,160746.945312
1696947014.791799,104.000000,104242.187500,160746.945312
1696947015.791568,103.000000,104242.187500,160746.945312
1696947016.791906,102.000000,104242.187500,160746.945312
1696947017.791785,103.000000,104244.187500,160746.945312
1696947018.791509,103.000000,104244.187500,160746.945312
1696947019.791550,104.000000,104244.187500,160746.945312
1696947020.791676,102.000000,104244.187500,160746.945312
1696947021.791859,103.000000,104244.187500,160746.945312
1696947022.791566,103.000000,104244.187500,160746.945312
1696947023.789827,103.000000,104244.187500,160746.945312
1696947024.791785,103.000000,104244.187500,160746.945312
1696947025.792120,102.000000,104244.187500,160746.945312
1696947026.791673,103.000000,104244.187500,160746.945312
1696947027.791508,103.000000,104244.187500,160746.945312
1696947028.792053,102.000000,104244.230469,160746.945312
1696947029.791443,104.000000,104244.230469,160746.945312
1696947030.792147,103.000000,104244.230469,160746.945312
1696947031.791761,103.000000,104244.230469,160746.945312
1696947032.791412,102.000000,104244.230469,160746.945312
1696947033.792956,104.000000,104244.230469,160746.945312
1696947034.791940,102.000000,104244.230469,160746.945312
1696947035.790999,103.000000,104244.230469,160746.945312
1696947036.791330,103.000000,104244.230469,160746.945312
1696947037.791534,103.000000,104244.230469,160746.945312
1696947038.792333,102.000000,104244.230469,160746.945312
1696947039.791784,104.000000,104244.230469,160746.945312
1696947040.791945,103.000000,104244.230469,160746.945312
1696947041.791717,102.000000,104244.230469,160746.945312
1696947042.791882,104.000000,104244.230469,160746.945312
1696947043.792555,102.000000,104244.230469,160746.945312
1696947044.791674,103.000000,104244.230469,160746.945312
1696947045.791617,104.000000,104244.230469,160746.945312
1696947046.791675,102.000000,104244.230469,160746.945312
1696947047.791669,103.000000,104244.230469,160746.945312
1696947048.791975,103.000000,104244.230469,160746.945312
1696947049.791517,103.000000,104244.230469,160746.945312
1696947050.608269,90.600000,102488.167969,158990.882812
