1696912801.957737,0.000000,117963.953125,175627.480469
1696912802.041777,101.500000,118781.324219,176121.789062
1696912803.027241,87.000000,125370.515625,182144.011719
1696912804.062151,96.000000,118131.710938,175035.882812
1696912805.032951,70.900000,117906.468750,175888.222656
1696912806.042663,95.400000,114108.535156,170393.445312
1696912807.037757,105.000000,114037.398438,172273.027344
1696912808.047195,98.600000,112715.660156,168309.695312
1696912809.053501,102.400000,117420.238281,174855.757812
1696912810.051492,104.100000,129222.511719,187072.199219
1696912811.023782,105.400000,122572.769531,183103.359375
1696912811.198133,108.400000,119199.210938,177589.359375
