1696949673.602239,0.000000,120317.113281,181576.335938
1696949673.649774,96.700000,120317.113281,181576.335938
1696949674.636311,103.000000,121347.222656,182603.835938
1696949675.634683,103.000000,121347.238281,182603.835938
1696949676.634580,103.000000,121347.238281,182603.835938
1696949677.634475,103.000000,121347.269531,182603.835938
1696949678.634837,103.000000,121347.312500,182603.835938
1696949679.635005,103.000000,121347.335938,182603.835938
1696949680.635282,104.000000,121347.335938,182603.835938
1696949681.635234,102.000000,121347.335938,182603.835938
1696949682.634357,103.000000,121347.386719,182603.835938
1696949683.634593,104.000000,121347.402344,182603.835938
1696949684.634782,102.000000,121347.414062,182603.835938
1696949685.635432,103.000000,121347.414062,182603.835938
1696949686.634656,104.000000,121347.414062,182603.835938
1696949687.634885,103.000000,121347.414062,182603.835938
1696949688.634928,103.000000,121347.414062,182603.835938
1696949689.634897,103.000000,121347.414062,182603.835938
1696949690.635393,104.000000,121347.546875,182603.835938
1696949691.634285,103.000000,121347.546875,182603.835938
1696949692.635092,103.000000,121347.570312,182603.835938
1696949693.634915,102.000000,121347.570312,182603.835938
1696949694.635265,104.000000,121347.570312,182603.835938
1696949695.635112,103.000000,121347.570312,182603.835938
1696949696.634940,103.000000,121347.570312,182603.835938
1696949697.634955,103.000000,121347.570312,182603.835938
1696949698.635192,103.000000,121347.570312,182603.835938
1696949699.633770,103.000000,121347.570312,182603.835938
1696949700.636585,103.000000,121347.570312,182603.835938
1696949701.635090,104.000000,121347.894531,182603.835938
1696949702.635569,102.000000,121347.902344,182603.835938
1696949703.635308,103.000000,121347.917969,182603.835938
1696949704.635216,104.000000,121347.925781,182603.835938
1696949705.635045,103.000000,121348.023438,182603.835938
1696949706.635183,104.000000,121348.023438,182603.835938
1696949707.634964,103.000000,121348.023438,182603.835938
1696949708.634977,102.000000,121348.023438,182603.835938
1696949709.635370,104.000000,121348.023438,182603.835938
1696949710.634998,103.000000,121348.023438,182603.835938
1696949711.634994,103.000000,121348.023438,182603.835938
1696949712.635228,103.000000,121348.023438,182603.835938
1696949713.635093,103.000000,121348.023438,182603.835938
1696949714.635183,103.000000,121348.023438,182603.835938
1696949715.634881,103.000000,121348.023438,182603.835938
1696949716.634809,104.000000,121348.023438,182603.835938
1696949717.630954,103.000000,121348.023438,182603.835938
1696949718.635239,102.000000,121348.023438,182603.835938
1696949719.634863,104.000000,121348.023438,182603.835938
1696949720.635425,102.000000,121348.308594,182603.835938
1696949721.634923,104.000000,121348.324219,182603.835938
1696949722.635540,102.000000,121348.332031,182603.835938
1696949723.635029,104.000000,121348.332031,182603.835938
1696949724.634643,103.000000,121348.332031,182603.835938
1696949725.634957,103.000000,121348.332031,182603.835938
1696949726.635211,103.000000,121348.332031,182603.835938
1696949727.635608,103.000000,121348.332031,182603.835938
1696949728.634912,103.000000,121348.332031,182603.835938
1696949729.634907,103.000000,121348.332031,182603.835938
1696949730.635038,104.000000,121348.332031,182603.835938
1696949731.634977,102.000000,121348.332031,182603.835938
1696949732.635556,103.000000,121348.488281,182603.835938
1696949733.634923,104.000000,121348.488281,182603.835938
1696949734.635283,103.000000,121348.488281,182603.835938
1696949735.634851,103.000000,121348.488281,182603.835938
1696949736.635062,103.000000,121348.488281,182603.835938
1696949737.635229,103.000000,121348.488281,182603.835938
1696949738.634782,104.000000,121348.488281,182603.835938
1696949739.631166,103.000000,121348.488281,182603.835938
1696949740.635312,102.000000,121348.605469,182603.835938
1696949741.634834,103.000000,121348.609375,182603.835938
1696949742.635190,103.000000,121348.621094,182603.835938
1696949743.634786,104.000000,121348.621094,182603.835938
1696949744.635322,102.000000,121348.644531,182603.835938
1696949745.635019,104.000000,121348.644531,182603.835938
1696949746.635028,103.000000,121348.644531,182603.835938
1696949747.635435,103.000000,121348.644531,182603.835938
1696949748.634881,103.000000,121348.644531,182603.835938
1696949749.635046,103.000000,121348.644531,182603.835938
1696949750.634650,104.000000,121348.832031,182603.835938
1696949751.635717,102.000000,121348.832031,182603.835938
1696949752.635223,103.000000,121348.832031,182603.835938
1696949753.634834,104.000000,121348.832031,182603.835938
1696949754.634929,103.000000,121348.832031,182603.835938
1696949755.634759,103.000000,121348.832031,182603.835938
1696949756.635186,102.000000,121348.832031,182603.835938
1696949757.635380,104.000000,121348.832031,182603.835938
1696949758.635911,103.000000,121348.832031,182603.835938
1696949759.635340,103.000000,121348.832031,182603.835938
1696949760.635208,103.000000,121348.832031,182603.835938
1696949761.634931,104.000000,121348.832031,182603.835938
1696949762.635575,102.000000,121348.832031,182603.835938
1696949763.635142,104.000000,121348.832031,182603.835938
1696949764.635007,103.000000,121348.832031,182603.835938
1696949765.634925,103.000000,121348.832031,182603.835938
1696949766.635309,103.000000,121348.832031,182603.835938
1696949767.634986,103.000000,121348.859375,182603.835938
1696949768.635042,103.000000,121348.859375,182603.835938
1696949769.635297,104.000000,121348.875000,182603.835938
1696949770.634846,102.000000,121348.875000,182603.835938
1696949771.635083,104.000000,121349.035156,182603.835938
1696949772.635124,103.000000,121349.035156,182603.835938
1696949773.634981,103.000000,121349.039062,182603.835938
1696949774.635390,103.000000,121349.246094,182603.835938
1696949775.635153,103.000000,121349.246094,182603.835938
1696949776.635217,104.000000,121349.257812,182603.835938
1696949777.635017,102.000000,121349.257812,182603.835938
1696949778.634857,103.000000,121349.257812,182603.835938
1696949779.635065,104.000000,121349.363281,182603.835938
1696949780.635237,103.000000,121349.363281,182603.835938
1696949781.635476,103.000000,121349.363281,182603.835938
1696949782.635077,103.000000,121349.363281,182603.835938
1696949783.635180,103.000000,121349.363281,182603.835938
1696949784.634887,104.000000,121349.363281,182603.835938
1696949785.635065,102.000000,121349.363281,182603.835938
1696949786.634936,104.000000,121349.363281,182603.835938
1696949787.635383,102.000000,121349.363281,182603.835938
1696949788.635370,104.000000,121349.363281,182603.835938
1696949789.635188,103.000000,121349.363281,182603.835938
1696949790.635018,103.000000,121349.457031,182603.835938
1696949791.634670,103.000000,121349.457031,182603.835938
1696949792.635504,103.000000,121349.457031,182603.835938
1696949793.634910,104.000000,121349.691406,182603.835938
1696949794.635117,102.000000,121349.691406,182603.835938
1696949795.635253,103.000000,121349.691406,182603.835938
1696949796.635183,104.000000,121349.691406,182603.835938
1696949797.634405,103.000000,121349.992188,182603.835938
1696949798.634779,103.000000,121350.015625,182603.835938
1696949799.635190,103.000000,121350.015625,182603.835938
1696949800.635130,103.000000,121350.015625,182603.835938
1696949801.634930,103.000000,121350.015625,182603.835938
1696949802.635715,103.000000,121350.015625,182603.835938
1696949803.634805,104.000000,121350.015625,182603.835938
1696949804.635326,102.000000,121350.015625,182603.835938
1696949805.635041,104.000000,121350.015625,182603.835938
1696949806.635062,103.000000,121350.015625,182603.835938
1696949807.635694,103.000000,121350.015625,182603.835938
1696949808.634847,103.000000,121350.273438,182603.835938
1696949809.635248,104.000000,121350.515625,182603.835938
1696949810.634534,102.000000,121350.625000,182603.835938
1696949811.635245,103.000000,121350.640625,182603.835938
1696949812.635114,103.000000,121350.640625,182603.835938
1696949813.634763,104.000000,121350.640625,182603.835938
1696949814.635038,102.000000,121350.640625,182603.835938
1696949815.635122,104.000000,121350.828125,182603.835938
1696949816.635062,103.000000,121333.234375,182573.042969
1696949817.634586,103.000000,121333.234375,182573.042969
1696949818.634646,103.000000,121315.683594,182542.253906
1696949819.634365,104.000000,121315.683594,182542.253906
1696949819.965524,91.500000,119559.621094,180786.191406
