1696946673.790319,0.000000,100910.585938,157208.058594
1696946673.822950,118.900000,100910.585938,157208.058594
1696946674.814440,102.000000,102666.453125,158964.121094
1696946675.819155,102.000000,102666.453125,158964.121094
1696946676.818359,102.000000,102666.453125,158964.121094
1696946677.818807,103.000000,102666.453125,158964.121094
1696946678.817810,102.000000,102666.648438,158964.121094
1696946679.821901,102.900000,102666.648438,158964.121094
1696946680.820145,104.100000,102666.648438,158964.121094
1696946681.820411,102.000000,102666.648438,158964.121094
1696946682.819464,103.000000,102666.648438,158964.121094
1696946683.819772,103.000000,102666.648438,158964.121094
1696946684.819322,102.000000,102666.648438,158964.121094
1696946685.819071,103.000000,102666.648438,158964.121094
1696946686.819348,103.000000,102666.648438,158964.121094
1696946687.819696,103.000000,102666.648438,158964.121094
1696946688.819568,102.000000,102666.648438,158964.121094
1696946689.819088,103.000000,102666.648438,158964.121094
1696946690.819295,103.000000,102666.648438,158964.121094
1696946691.819568,102.000000,102666.648438,158964.121094
1696946692.819231,103.000000,102666.648438,158964.121094
1696946693.823523,103.700000,102666.648438,158964.121094
1696946694.819741,102.300000,102666.648438,158964.121094
1696946695.819374,103.000000,102666.648438,158964.121094
1696946696.820857,103.000000,102666.648438,158964.121094
1696946697.819322,102.000000,102666.648438,158964.121094
1696946698.819877,104.000000,102666.648438,158964.121094
1696946699.822664,103.000000,102666.648438,158964.121094
1696946700.826874,102.800000,102666.648438,158964.121094
1696946701.823556,103.900000,102666.648438,158964.121094
1696946702.821916,103.300000,102666.648438,158964.121094
1696946703.819949,102.000000,102666.648438,158964.121094
1696946704.821486,103.000000,102666.648438,158964.121094
1696946705.819726,103.000000,102666.648438,158964.121094
1696946706.819705,103.000000,102666.648438,158964.121094
1696946707.819628,103.000000,102666.648438,158964.121094
1696946708.819688,102.000000,102666.648438,158964.121094
1696946709.817082,103.000000,102666.648438,158964.121094
1696946710.819281,102.000000,102666.648438,158964.121094
1696946711.821055,103.000000,102666.648438,158964.121094
1696946712.819978,103.000000,102666.648438,158964.121094
1696946713.820187,103.000000,102666.648438,158964.121094
1696946714.820724,103.000000,102666.648438,158964.121094
1696946715.819565,103.000000,102666.648438,158964.121094
1696946716.819605,103.000000,102666.648438,158964.121094
1696946717.819958,101.000000,102666.648438,158964.121094
1696946718.819563,104.000000,102666.648438,158964.121094
1696946719.819673,102.000000,102666.648438,158964.121094
1696946720.819494,103.000000,102666.648438,158964.121094
1696946721.820073,103.000000,102666.648438,158964.121094
1696946722.819474,103.000000,102666.648438,158964.121094
1696946723.819649,102.000000,102666.648438,158964.121094
1696946724.819533,104.000000,102666.648438,158964.121094
1696946725.820039,102.000000,102666.648438,158964.121094
1696946726.819492,103.000000,102666.648438,158964.121094
1696946727.819520,102.000000,102666.648438,158964.121094
1696946728.819585,103.000000,102666.648438,158964.121094
1696946729.819240,103.000000,102666.648438,158964.121094
1696946730.820033,102.000000,102666.648438,158964.121094
1696946731.819841,104.000000,102666.648438,158964.121094
1696946732.819718,102.000000,102666.648438,158964.121094
1696946733.818733,103.000000,102666.648438,158964.121094
1696946734.819546,102.000000,102666.648438,158964.121094
1696946735.819633,104.000000,102666.648438,158964.121094
1696946736.819760,102.000000,102666.648438,158964.121094
1696946737.820027,103.000000,102666.648438,158964.121094
1696946738.819727,103.000000,102666.648438,158964.121094
1696946739.819718,103.000000,102666.648438,158964.121094
1696946740.819669,102.000000,102666.648438,158964.121094
1696946741.819767,104.000000,102666.648438,158964.121094
1696946742.815723,102.000000,102666.648438,158964.121094
1696946743.820960,103.000000,102666.648438,158964.121094
1696946744.820489,102.000000,102666.648438,158964.121094
1696946745.819992,103.000000,102666.648438,158964.121094
1696946746.819410,103.000000,102666.648438,158964.121094
1696946747.819563,103.000000,102666.648438,158964.121094
1696946748.819351,103.000000,102666.648438,158964.121094
1696946749.821530,101.900000,102666.648438,158964.121094
1696946750.820024,103.100000,102666.648438,158964.121094
1696946751.819572,103.000000,102666.648438,158964.121094
1696946752.820208,103.000000,102666.648438,158964.121094
1696946753.819498,102.000000,102666.648438,158964.121094
1696946754.820816,103.000000,102666.648438,158964.121094
1696946755.819668,103.000000,102666.648438,158964.121094
1696946756.819197,103.000000,102666.648438,158964.121094
1696946757.819715,102.000000,102666.648438,158964.121094
1696946758.819998,104.000000,102666.648438,158964.121094
1696946759.816566,102.000000,102666.648438,158964.121094
1696946760.819834,102.000000,102666.648438,158964.121094
1696946761.819265,103.000000,102666.648438,158964.121094
1696946762.819694,103.000000,102666.648438,158964.121094
1696946763.819727,103.000000,102666.648438,158964.121094
1696946764.817162,103.000000,102666.648438,158964.121094
1696946765.819824,102.000000,102666.648438,158964.121094
1696946766.819574,103.000000,102666.648438,158964.121094
1696946767.819533,102.000000,102666.648438,158964.121094
1696946768.819513,103.000000,102666.648438,158964.121094
1696946769.820006,102.900000,102666.648438,158964.121094
1696946770.819599,103.100000,102666.648438,158964.121094
1696946771.819516,102.000000,102666.648438,158964.121094
1696946772.819407,103.000000,102666.648438,158964.121094
1696946773.820756,103.000000,102666.648438,158964.121094
1696946774.819797,103.000000,102666.648438,158964.121094
1696946775.819430,103.000000,102666.648438,158964.121094
1696946776.819476,103.000000,102666.648438,158964.121094
1696946777.819136,102.000000,102666.648438,158964.121094
1696946778.819292,103.000000,102666.648438,158964.121094
1696946779.819259,102.000000,102666.648438,158964.121094
1696946780.820500,104.000000,102666.648438,158964.121094
1696946781.819907,102.000000,102666.648438,158964.121094
1696946782.820031,103.000000,102666.648438,158964.121094
1696946783.819340,103.000000,102666.648438,158964.121094
1696946784.819348,103.000000,102666.648438,158964.121094
1696946785.819438,102.000000,102666.648438,158964.121094
1696946786.819304,103.000000,102666.648438,158964.121094
1696946787.820584,103.000000,102666.648438,158964.121094
1696946788.819430,102.000000,102666.648438,158964.121094
1696946789.819385,103.000000,102666.648438,158964.121094
1696946790.819606,103.000000,102666.648438,158964.121094
1696946791.819411,103.000000,102666.648438,158964.121094
1696946792.821180,101.900000,102666.648438,158964.121094
1696946793.821201,104.100000,102666.648438,158964.121094
1696946794.819609,103.000000,102666.648438,158964.121094
1696946795.819212,102.000000,102666.648438,158964.121094
1696946796.819638,103.000000,102666.648438,158964.121094
1696946797.817693,103.000000,102666.648438,158964.121094
1696946798.819894,102.000000,102666.648438,158964.121094
1696946799.820114,103.000000,102666.648438,158964.121094
1696946800.819408,102.000000,102666.648438,158964.121094
1696946801.819829,103.000000,102666.648438,158964.121094
1696946802.819818,104.000000,102666.648438,158964.121094
1696946803.821132,102.000000,102666.648438,158964.121094
1696946804.819374,103.000000,102666.648438,158964.121094
1696946805.819486,102.000000,102666.648438,158964.121094
1696946806.820129,103.000000,102666.648438,158964.121094
1696946807.817571,103.000000,102666.648438,158964.121094
1696946808.819425,103.000000,102666.648438,158964.121094
1696946809.820671,102.000000,102666.648438,158964.121094
1696946810.821114,103.000000,102666.648438,158964.121094
1696946811.819652,103.000000,102666.648438,158964.121094
1696946812.819111,103.000000,102666.648438,158964.121094
1696946813.819607,103.000000,102666.648438,158964.121094
1696946814.819756,102.000000,102666.648438,158964.121094
1696946815.819134,103.000000,102666.648438,158964.121094
1696946816.820283,103.000000,102666.648438,158964.121094
1696946817.819588,102.000000,102666.648438,158964.121094
1696946818.819289,103.000000,102666.648438,158964.121094
1696946819.819379,103.000000,102666.648438,158964.121094
1696946820.819658,103.000000,102666.648438,158964.121094
1696946821.820134,102.000000,102666.648438,158964.121094
1696946822.819236,103.000000,102666.648438,158964.121094
1696946823.401792,96.000000,100910.585938,157208.058594
