1696909304.313117,0.000000,406.894531,636.601562
1696909304.328247,99.700000,406.894531,708.605469
1696909305.326872,31.000000,406.894531,708.605469
1696909306.325540,19.000000,406.894531,708.605469
1696909307.325549,25.000000,407.093750,708.605469
1696909308.325481,35.000000,407.093750,708.605469
1696909309.325431,32.000000,407.093750,708.605469
1696909310.325488,56.000000,407.093750,708.605469
1696909311.325566,35.000000,407.093750,708.605469
1696909312.325382,64.000000,407.093750,708.605469
1696909313.325569,57.000000,407.093750,708.605469
1696909314.329317,49.000000,407.156250,708.605469
1696909314.973109,26.300000,407.195312,708.605469
