1696950141.929378,0.000000,124798.039062,185998.964844
1696950141.962022,82.400000,124798.039062,185998.964844
1696950142.959976,102.000000,126553.945312,187755.027344
1696950143.959275,104.000000,126553.945312,187755.027344
1696950144.959906,102.000000,126553.945312,187755.027344
1696950145.960223,102.000000,126740.035156,187973.960938
1696950146.960837,103.000000,126847.011719,188048.093750
1696950147.960195,103.000000,123173.871094,184375.378906
1696950148.960654,103.000000,121411.128906,182612.316406
1696950149.959943,103.000000,121411.128906,182612.316406
1696950150.959968,103.000000,121411.128906,182612.316406
1696950151.960079,103.000000,121411.128906,182612.316406
1696950152.959694,103.000000,121411.128906,182612.316406
1696950153.960046,103.000000,121411.128906,182612.316406
1696950154.960379,103.000000,121411.128906,182612.316406
1696950155.960285,103.000000,121411.128906,182612.316406
1696950156.960327,103.000000,121411.132812,182612.316406
1696950157.960113,102.000000,121411.132812,182612.316406
1696950158.960147,104.000000,121411.132812,182612.316406
1696950159.960729,103.000000,121411.289062,182612.316406
1696950160.967372,103.000000,121411.289062,182612.316406
1696950161.960365,104.000000,121412.402344,182615.757812
1696950162.960313,102.000000,121393.636719,182581.527344
1696950163.959923,103.000000,121393.636719,182581.527344
1696950164.960126,103.000000,121393.636719,182581.527344
1696950165.960424,103.000000,121393.636719,182581.527344
1696950166.959546,103.000000,121393.636719,182581.527344
1696950167.953279,103.000000,121393.636719,182581.527344
1696950168.960239,102.000000,121393.636719,182581.527344
1696950169.960096,103.000000,121393.636719,182581.527344
1696950170.957448,103.000000,121393.636719,182581.527344
1696950171.960344,102.000000,121393.636719,182581.527344
1696950172.959954,103.000000,121393.636719,182581.527344
1696950173.960146,104.000000,121393.636719,182581.527344
1696950174.960145,103.000000,121393.636719,182581.527344
1696950175.961482,102.000000,121393.636719,182581.527344
1696950176.960044,103.000000,121393.636719,182581.527344
1696950177.959918,103.000000,121393.636719,182581.527344
1696950178.954683,103.000000,121393.636719,182581.527344
1696950179.961021,102.000000,121393.636719,182581.527344
1696950180.960312,104.000000,121393.636719,182581.527344
1696950181.960078,102.000000,121393.636719,182581.527344
1696950182.960160,103.000000,121393.636719,182581.527344
1696950183.960191,103.000000,121393.636719,182581.527344
1696950184.960182,103.000000,121393.636719,182581.527344
1696950185.959919,103.000000,121393.636719,182581.527344
1696950186.960445,102.000000,121393.636719,182581.527344
1696950187.960394,104.000000,121393.636719,182581.527344
1696950188.960104,103.000000,121393.636719,182581.527344
1696950189.960388,102.000000,121393.636719,182581.527344
1696950190.960273,104.000000,121393.636719,182581.527344
1696950191.960171,103.000000,121393.636719,182581.527344
1696950192.960176,103.000000,121393.636719,182581.527344
1696950193.960679,102.000000,121393.636719,182581.527344
1696950194.960378,103.000000,121393.636719,182581.527344
1696950195.960124,104.000000,121393.636719,182581.527344
1696950196.960264,102.000000,121393.636719,182581.527344
1696950197.959992,103.000000,121393.636719,182581.527344
1696950198.960155,103.000000,121393.636719,182581.527344
1696950199.960265,103.000000,121393.636719,182581.527344
1696950200.960109,102.000000,121393.636719,182581.527344
1696950201.960207,104.000000,121393.636719,182581.527344
1696950202.960092,103.000000,121393.636719,182581.527344
1696950203.960300,103.000000,121393.636719,182581.527344
1696950204.960529,102.000000,121393.636719,182581.527344
1696950205.960175,104.000000,121393.636719,182581.527344
1696950206.960025,103.000000,121393.636719,182581.527344
1696950207.959902,102.000000,121393.636719,182581.527344
1696950208.960238,103.000000,121393.636719,182581.527344
1696950209.960053,103.000000,121393.636719,182581.527344
1696950210.960188,103.000000,121393.636719,182581.527344
1696950211.960226,102.000000,121393.636719,182581.527344
1696950212.960254,103.000000,121393.636719,182581.527344
1696950213.960432,104.000000,121393.636719,182581.527344
1696950214.959707,100.000000,121393.636719,182581.527344
1696950215.960402,103.000000,121393.636719,182581.527344
1696950216.959755,102.000000,121393.636719,182581.527344
1696950217.962199,104.000000,121393.636719,182581.527344
1696950218.960378,103.000000,121393.636719,182581.527344
1696950219.960151,103.000000,121393.636719,182581.527344
1696950220.960121,102.000000,121393.636719,182581.527344
1696950221.959864,103.000000,121393.636719,182581.527344
1696950222.962574,103.000000,121393.636719,182581.527344
1696950223.960102,103.000000,121393.636719,182581.527344
1696950224.960357,103.000000,121393.636719,182581.527344
1696950225.960195,103.000000,121393.636719,182581.527344
1696950226.960068,103.000000,121393.636719,182581.527344
1696950227.953182,103.000000,121393.636719,182581.527344
1696950228.960262,102.000000,121393.636719,182581.527344
1696950229.960236,103.000000,121393.636719,182581.527344
1696950230.959968,103.000000,121393.636719,182581.527344
1696950231.960219,102.000000,121393.636719,182581.527344
1696950232.962424,103.000000,121393.636719,182581.527344
1696950233.960652,103.000000,121393.636719,182581.527344
1696950234.960374,104.000000,121393.636719,182581.527344
1696950235.960216,102.000000,121393.636719,182581.527344
1696950236.960850,104.000000,121393.636719,182581.527344
1696950237.960455,103.000000,121393.636719,182581.527344
1696950238.959660,103.000000,121393.636719,182581.527344
1696950239.959629,102.000000,121393.636719,182581.527344
1696950240.960201,103.000000,121393.636719,182581.527344
1696950241.960078,103.000000,121393.636719,182581.527344
1696950242.965899,103.000000,121393.636719,182581.527344
1696950243.960592,104.000000,121393.636719,182581.527344
1696950244.960417,103.000000,121393.636719,182581.527344
1696950245.960055,102.000000,121393.636719,182581.527344
1696950246.960043,103.000000,121393.636719,182581.527344
1696950247.960407,103.000000,121393.636719,182581.527344
1696950248.960282,103.000000,121393.636719,182581.527344
1696950249.960244,103.000000,121393.636719,182581.527344
1696950250.960123,103.000000,121393.636719,182581.527344
1696950251.960249,102.000000,121393.636719,182581.527344
1696950252.960261,103.000000,121393.636719,182581.527344
1696950253.960192,104.000000,121393.636719,182581.527344
1696950254.960360,103.000000,121393.636719,182581.527344
1696950255.959979,102.000000,121393.636719,182581.527344
1696950256.960614,104.000000,121393.636719,182581.527344
1696950257.960288,103.000000,121393.636719,182581.527344
1696950258.960096,102.000000,121393.636719,182581.527344
1696950259.958129,103.000000,121393.636719,182581.527344
1696950260.960183,103.000000,121393.636719,182581.527344
1696950261.960078,103.000000,121393.636719,182581.527344
1696950262.960092,103.000000,121393.636719,182581.527344
1696950263.959921,103.000000,121393.636719,182581.527344
1696950264.960281,102.000000,121393.636719,182581.527344
1696950265.960744,103.000000,121393.636719,182581.527344
1696950266.960030,104.000000,121393.636719,182581.527344
1696950267.960182,102.000000,121393.636719,182581.527344
1696950268.960204,103.000000,121393.636719,182581.527344
1696950269.960338,103.000000,121393.636719,182581.527344
1696950270.960160,103.000000,121393.636719,182581.527344
1696950271.960232,102.000000,121393.636719,182581.527344
1696950272.961329,104.000000,121393.636719,182581.527344
1696950273.959913,103.000000,121393.636719,182581.527344
1696950274.960014,103.000000,121393.636719,182581.527344
1696950275.960158,103.000000,121393.636719,182581.527344
1696950276.960366,103.000000,121393.636719,182581.527344
1696950277.961089,102.000000,121393.636719,182581.527344
1696950278.960451,104.000000,121393.636719,182581.527344
1696950279.960217,102.000000,121393.636719,182581.527344
1696950280.960423,103.000000,121393.636719,182581.527344
1696950281.960342,104.000000,121393.636719,182581.527344
1696950282.959952,102.000000,121393.636719,182581.527344
1696950283.958183,103.000000,121393.636719,182581.527344
1696950284.960649,103.000000,121393.636719,182581.527344
1696950285.960227,103.000000,121393.636719,182581.527344
1696950286.959980,103.000000,121393.636719,182581.527344
1696950287.952633,102.000000,121393.636719,182581.527344
1696950288.481428,101.600000,119637.574219,180825.464844
