1696948996.905534,0.000000,119952.613281,181201.777344
1696948996.938876,129.300000,119952.613281,181201.777344
1696948997.938528,102.000000,121708.628906,182957.839844
1696948998.938312,103.000000,121708.632812,182957.839844
1696948999.938519,103.000000,121708.632812,182957.839844
1696949000.938140,102.000000,121710.703125,182957.839844
1696949001.938243,103.000000,121710.703125,182957.839844
1696949002.938267,103.000000,121710.703125,182957.839844
1696949003.938134,103.000000,121710.804688,182957.839844
1696949004.938498,103.000000,121710.832031,182957.839844
1696949005.938322,103.000000,121710.832031,182957.839844
1696949006.938261,104.000000,121710.832031,182957.839844
1696949007.938143,103.000000,121710.832031,182957.839844
1696949008.938315,103.000000,121710.832031,182957.839844
1696949009.938484,103.000000,121710.832031,182957.839844
1696949010.937966,103.000000,121710.832031,182957.839844
1696949011.938526,103.000000,121710.832031,182957.839844
1696949012.939307,103.000000,121710.832031,182957.839844
1696949013.938176,104.000000,121710.929688,182957.839844
1696949014.938359,102.000000,121710.929688,182957.839844
1696949015.938277,104.000000,121710.941406,182957.839844
1696949016.938191,103.000000,121710.953125,182957.839844
1696949017.938922,103.000000,121710.953125,182957.839844
1696949018.938127,103.000000,121710.953125,182957.839844
1696949019.938154,103.000000,121711.183594,182957.839844
1696949020.938434,103.000000,121711.187500,182957.839844
1696949021.938398,104.000000,121711.187500,182957.839844
1696949022.938639,103.000000,121711.187500,182957.839844
1696949023.938099,103.000000,121711.203125,182957.839844
1696949024.938370,103.000000,121711.203125,182957.839844
1696949025.938267,103.000000,121711.203125,182957.839844
1696949026.938165,104.000000,121711.203125,182957.839844
1696949027.938899,102.000000,121711.203125,182957.839844
1696949028.938401,103.000000,121711.203125,182957.839844
1696949029.938277,104.000000,121711.203125,182957.839844
1696949030.938175,103.000000,121711.203125,182957.839844
1696949031.938341,103.000000,121711.203125,182957.839844
1696949032.938102,103.000000,121711.265625,182957.839844
1696949033.938517,103.000000,121711.265625,182957.839844
1696949034.937996,103.000000,121711.265625,182957.839844
1696949035.938314,103.000000,121711.265625,182957.839844
1696949036.938734,103.000000,121711.265625,182957.839844
1696949037.933553,104.000000,121711.265625,182957.839844
1696949038.932633,102.000000,121711.265625,182957.839844
1696949039.938181,103.000000,121711.265625,182957.839844
1696949040.938115,102.000000,121711.425781,182957.839844
1696949041.938400,104.000000,121711.425781,182957.839844
1696949042.938967,103.000000,121711.425781,182957.839844
1696949043.938183,103.000000,121711.433594,182957.839844
1696949044.938203,103.000000,121711.433594,182957.839844
1696949045.938393,104.000000,121711.433594,182957.839844
1696949046.938151,102.000000,121711.433594,182957.839844
1696949047.933881,103.000000,121711.433594,182957.839844
1696949048.938370,103.000000,121711.433594,182957.839844
1696949049.938394,103.000000,121711.433594,182957.839844
1696949050.938872,104.000000,121711.433594,182957.839844
1696949051.938291,103.000000,121711.433594,182957.839844
1696949052.933631,103.000000,121711.433594,182957.839844
1696949053.938118,102.000000,121711.433594,182957.839844
1696949054.938435,103.000000,121711.671875,182957.839844
1696949055.938264,104.000000,121711.812500,182957.839844
1696949056.938053,103.000000,121711.812500,182957.839844
1696949057.934108,102.000000,121711.812500,182957.839844
1696949058.937873,103.000000,121711.828125,182957.839844
1696949059.938199,103.000000,121711.835938,182957.839844
1696949060.938396,104.000000,121711.835938,182957.839844
1696949061.938303,102.000000,121711.835938,182957.839844
1696949062.938763,104.000000,121711.835938,182957.839844
1696949063.938202,103.000000,121711.835938,182957.839844
1696949064.938252,103.000000,121711.835938,182957.839844
1696949065.938376,103.000000,121711.835938,182957.839844
1696949066.938378,103.000000,121711.835938,182957.839844
1696949067.938739,103.000000,121711.863281,182957.839844
1696949068.938369,104.000000,121711.972656,182957.839844
1696949069.938365,103.000000,121711.972656,182957.839844
1696949070.938252,102.000000,121711.972656,182957.839844
1696949071.938159,104.000000,121711.972656,182957.839844
1696949072.939231,103.000000,121711.972656,182957.839844
1696949073.938209,103.000000,121711.972656,182957.839844
1696949074.938284,104.000000,121711.972656,182957.839844
1696949075.938193,102.000000,121711.972656,182957.839844
1696949076.938499,104.000000,121711.972656,182957.839844
1696949077.939169,102.000000,121711.972656,182957.839844
1696949078.938383,104.000000,121711.972656,182957.839844
1696949079.938267,103.000000,121711.972656,182957.839844
1696949080.938153,103.000000,121711.972656,182957.839844
1696949081.938272,103.000000,121711.972656,182957.839844
1696949082.938533,104.000000,121711.972656,182957.839844
1696949083.938362,102.000000,121712.085938,182957.839844
1696949084.938068,104.000000,121712.089844,182957.839844
1696949085.938069,103.000000,121712.089844,182957.839844
1696949086.938303,102.000000,121712.089844,182957.839844
1696949087.939059,104.000000,121712.089844,182957.839844
1696949088.938688,103.000000,121712.089844,182957.839844
1696949089.937957,103.000000,121712.089844,182957.839844
1696949090.937997,103.000000,121712.089844,182957.839844
1696949091.938466,103.000000,121712.089844,182957.839844
1696949092.938672,104.000000,121712.089844,182957.839844
1696949093.938204,102.000000,121712.089844,182957.839844
1696949094.938223,103.000000,121712.089844,182957.839844
1696949095.938073,104.000000,121712.089844,182957.839844
1696949096.938191,103.000000,121712.089844,182957.839844
1696949097.938630,103.000000,121712.089844,182957.839844
1696949098.930935,103.000000,121712.089844,182957.839844
1696949099.938431,102.000000,121712.089844,182957.839844
1696949100.938247,104.000000,121712.234375,182957.839844
1696949101.938217,103.000000,121712.238281,182957.839844
1696949102.938698,103.000000,121712.445312,182957.839844
1696949103.938134,102.000000,121712.445312,182957.839844
1696949104.938419,104.000000,121712.445312,182957.839844
1696949105.938113,103.000000,121712.445312,182957.839844
1696949106.938278,104.000000,121712.445312,182957.839844
1696949107.938467,102.000000,121712.519531,182957.839844
1696949108.938056,104.000000,121712.523438,182957.839844
1696949109.938341,102.000000,121712.523438,182957.839844
1696949110.938405,104.000000,121712.523438,182957.839844
1696949111.938109,103.000000,121712.722656,182957.839844
1696949112.938420,103.000000,121712.722656,182957.839844
1696949113.938357,103.000000,121712.722656,182957.839844
1696949114.938156,103.000000,121712.722656,182957.839844
1696949115.938352,103.000000,121712.722656,182957.839844
1696949116.938167,103.000000,121712.722656,182957.839844
1696949117.938370,104.000000,121712.722656,182957.839844
1696949118.938190,103.000000,121712.750000,182957.839844
1696949119.938354,103.000000,121712.750000,182957.839844
1696949120.938187,103.000000,121712.750000,182957.839844
1696949121.938285,103.000000,121712.769531,182957.839844
1696949122.938293,103.000000,121712.769531,182957.839844
1696949123.937950,103.000000,121712.769531,182957.839844
1696949124.938395,103.000000,121712.769531,182957.839844
1696949125.938001,103.000000,121712.769531,182957.839844
1696949126.938406,103.000000,121712.769531,182957.839844
1696949127.938277,104.000000,121712.769531,182957.839844
1696949128.938291,103.000000,121712.769531,182957.839844
1696949129.938671,103.000000,121712.769531,182957.839844
1696949130.938157,103.000000,121712.769531,182957.839844
1696949131.938381,103.000000,121712.769531,182957.839844
1696949132.938722,104.000000,121712.910156,182957.839844
1696949133.938491,102.000000,121712.910156,182957.839844
1696949134.938688,103.000000,121712.910156,182957.839844
1696949135.938498,104.000000,121712.910156,182957.839844
1696949136.938110,102.000000,121712.910156,182957.839844
1696949137.938260,104.000000,121712.910156,182957.839844
1696949138.938254,103.000000,121712.910156,182957.839844
1696949139.938285,103.000000,121713.082031,182957.839844
1696949140.939050,103.000000,121713.082031,182957.839844
1696949141.938348,103.000000,121713.082031,182957.839844
1696949142.401245,97.500000,119957.019531,181201.777344
