1696949485.842286,0.000000,122735.828125,184458.882812
1696949485.877411,104.800000,123104.457031,184471.679688
1696949486.881596,102.000000,124900.210938,186238.238281
1696949487.875355,104.000000,124896.054688,186237.992188
1696949488.868840,103.000000,124796.664062,186122.964844
1696949489.867115,102.000000,124347.050781,185673.597656
1696949490.864241,103.000000,122106.996094,183409.195312
1696949491.864794,102.000000,122195.433594,183511.906250
1696949492.867396,102.000000,122206.480469,183520.363281
1696949493.864978,102.000000,122210.964844,183528.867188
1696949494.863794,102.000000,122235.312500,183550.214844
1696949495.865139,102.000000,122239.593750,183554.339844
1696949496.863803,102.000000,122235.835938,183549.964844
1696949497.868402,103.000000,122235.003906,183549.167969
1696949498.867004,102.000000,122228.253906,183542.277344
1696949499.863627,102.000000,122217.199219,183531.929688
1696949500.866181,102.000000,122223.835938,183537.906250
1696949501.867184,102.000000,122228.175781,183542.281250
1696949502.864474,103.000000,122205.707031,183519.027344
1696949503.864920,102.000000,122214.726562,183528.578125
1696949504.868021,102.000000,122205.652344,183519.027344
1696949505.866279,102.000000,122196.699219,183510.597656
1696949506.865850,102.000000,121937.136719,183238.785156
1696949507.872518,103.000000,121937.175781,183238.785156
1696949508.874725,103.000000,121941.222656,183242.910156
1696949509.875881,103.000000,121944.226562,183248.085938
1696949510.866255,103.000000,121942.089844,183243.960938
1696949511.865089,103.000000,121935.468750,183237.074219
1696949512.864229,101.000000,121913.777344,183215.042969
1696949513.863627,103.000000,121908.855469,183209.867188
1696949514.864105,101.000000,121913.886719,183215.042969
1696949515.863737,103.000000,121908.906250,183209.867188
1696949516.865832,102.000000,121895.476562,183196.167969
1696949517.863581,101.000000,121792.015625,183080.894531
1696949518.865359,103.000000,121792.023438,183080.894531
1696949519.864013,102.000000,121791.867188,183080.894531
1696949520.867090,101.000000,121704.855469,182981.933594
1696949521.863606,96.000000,121699.843750,182976.757812
1696949522.863887,102.000000,121698.992188,182976.300781
1696949523.863229,102.000000,121704.882812,182981.933594
1696949524.863258,102.000000,121691.171875,182968.109375
1696949525.863265,102.000000,121697.000000,182973.902344
1696949526.863044,102.000000,121691.984375,182968.726562
1696949527.862749,102.000000,121697.023438,182973.902344
1696949528.863248,102.000000,121697.023438,182973.902344
1696949529.863662,102.000000,121675.242188,182951.871094
1696949530.863389,101.000000,121675.449219,182951.871094
1696949531.863603,103.000000,121675.472656,182951.871094
1696949532.863768,101.000000,121670.468750,182946.695312
1696949533.863590,103.000000,121572.078125,182836.597656
1696949534.871621,101.000000,121571.988281,182836.597656
1696949535.874485,104.000000,121571.988281,182836.597656
1696949536.874807,103.000000,121566.964844,182831.421875
1696949537.874085,103.000000,121571.988281,182836.597656
1696949538.874695,103.000000,121572.027344,182836.597656
1696949539.874236,103.000000,121572.031250,182836.597656
1696949540.874443,103.000000,121571.957031,182836.597656
1696949541.874322,103.000000,121564.027344,182828.531250
1696949542.874400,103.000000,121564.027344,182828.531250
1696949543.874197,103.000000,121564.027344,182828.531250
1696949544.873996,103.000000,121564.121094,182828.531250
1696949545.874273,104.000000,121564.019531,182828.531250
1696949546.874002,103.000000,121564.019531,182828.531250
1696949547.874673,102.000000,121564.035156,182828.531250
1696949548.874165,103.000000,121542.667969,182806.695312
1696949549.874282,103.000000,121542.722656,182806.695312
1696949550.874020,104.000000,121542.761719,182806.695312
1696949551.874062,103.000000,121542.761719,182806.695312
1696949552.875125,103.000000,121439.300781,182691.453125
1696949553.873802,102.000000,121521.726562,182774.007812
1696949554.873680,104.000000,121109.101562,182361.238281
1696949555.873576,102.000000,121109.101562,182361.238281
1696949556.873841,104.000000,121109.101562,182361.238281
1696949557.876035,103.000000,121109.101562,182361.238281
1696949558.874012,103.000000,121109.101562,182361.238281
1696949559.873656,103.000000,121109.101562,182361.238281
1696949560.873544,104.000000,121109.101562,182361.238281
1696949561.873851,102.000000,121109.101562,182361.238281
1696949562.874012,103.000000,121109.156250,182361.238281
1696949563.873914,103.000000,121109.156250,182361.238281
1696949564.874026,103.000000,121109.156250,182361.238281
1696949565.874450,103.000000,121109.156250,182361.238281
1696949566.874099,103.000000,121109.156250,182361.238281
1696949567.873986,103.000000,121109.156250,182361.238281
1696949568.873843,104.000000,121109.187500,182361.238281
1696949569.873988,102.000000,121109.300781,182361.238281
1696949570.873635,104.000000,121109.304688,182361.238281
1696949571.873882,103.000000,121109.312500,182361.238281
1696949572.873924,102.000000,121109.312500,182361.238281
1696949573.874040,104.000000,121109.312500,182361.238281
1696949574.873808,103.000000,121109.312500,182361.238281
1696949575.873981,102.000000,121109.328125,182361.238281
1696949576.873982,103.000000,121109.355469,182361.238281
1696949577.874029,103.000000,121109.355469,182361.238281
1696949578.873937,104.000000,121109.355469,182361.238281
1696949579.874582,103.000000,121109.355469,182361.238281
1696949580.874156,103.000000,121109.355469,182361.238281
1696949581.873719,103.000000,121109.355469,182361.238281
1696949582.874307,103.000000,121111.007812,182361.238281
1696949583.873879,102.000000,121111.007812,182361.238281
1696949584.874077,104.000000,121111.007812,182361.238281
1696949585.874424,103.000000,121111.007812,182361.238281
1696949586.873860,103.000000,121111.007812,182361.238281
1696949587.874173,102.000000,121111.007812,182361.238281
1696949588.874051,104.000000,121111.007812,182361.238281
1696949589.874012,103.000000,121111.007812,182361.238281
1696949590.874518,103.000000,121111.007812,182361.238281
1696949591.874336,103.000000,121111.007812,182361.238281
1696949592.874071,103.000000,121111.007812,182361.238281
1696949593.873778,103.000000,121111.007812,182361.238281
1696949594.874148,103.000000,121111.007812,182361.238281
1696949595.874408,103.000000,121111.007812,182361.238281
1696949596.873811,103.000000,121111.007812,182361.238281
1696949597.873864,103.000000,121111.117188,182361.238281
1696949598.873979,103.000000,121111.218750,182361.238281
1696949599.874049,103.000000,121111.230469,182361.238281
1696949600.874356,103.000000,121111.230469,182361.238281
1696949601.873924,103.000000,121111.230469,182361.238281
1696949602.874167,103.000000,121111.242188,182361.238281
1696949603.873919,103.000000,121111.242188,182361.238281
1696949604.874088,103.000000,121111.242188,182361.238281
1696949605.874417,103.000000,121111.242188,182361.238281
1696949606.873951,103.000000,121111.242188,182361.238281
1696949607.874013,104.000000,121111.242188,182361.238281
1696949608.873846,102.000000,121111.242188,182361.238281
1696949609.873993,104.000000,121111.242188,182361.238281
1696949610.870034,103.000000,121111.242188,182361.238281
1696949611.873953,102.000000,121111.242188,182361.238281
1696949612.874419,103.000000,121112.886719,182361.238281
1696949613.873695,103.000000,121112.886719,182361.238281
1696949614.873961,103.000000,121112.886719,182361.238281
1696949615.874108,104.000000,121112.886719,182361.238281
1696949616.873989,102.000000,121112.964844,182361.238281
1696949617.874092,103.000000,121112.964844,182361.238281
1696949618.873934,104.000000,121112.964844,182361.238281
1696949619.874038,102.000000,121112.964844,182361.238281
1696949620.874207,104.000000,121112.984375,182361.238281
1696949621.873969,102.000000,121112.984375,182361.238281
1696949622.873936,103.000000,121112.984375,182361.238281
1696949623.874118,104.000000,121112.984375,182361.238281
1696949624.874550,102.000000,121112.984375,182361.238281
1696949625.874118,103.000000,121112.984375,182361.238281
1696949626.873690,104.000000,121112.984375,182361.238281
1696949627.874054,102.000000,121112.984375,182361.238281
1696949628.874073,104.000000,121112.984375,182361.238281
1696949629.873963,102.000000,121112.984375,182361.238281
1696949630.874109,104.000000,121112.984375,182361.238281
1696949631.874038,102.000000,121112.984375,182361.238281
1696949632.873766,104.000000,121114.101562,182361.238281
1696949633.874040,103.000000,121114.101562,182361.238281
1696949634.548014,93.800000,119358.039062,180605.175781
