1696948712.945140,0.000000,105065.796875,161797.523438
1696948712.987656,96.700000,105070.835938,161802.695312
1696948713.979910,102.000000,106826.718750,163558.757812
1696948714.976105,103.000000,106826.769531,163558.757812
1696948715.976257,103.000000,106826.769531,163558.757812
1696948716.975953,102.000000,106821.753906,163553.585938
1696948717.976017,103.000000,106826.800781,163558.757812
1696948718.982994,103.000000,106821.984375,163553.585938
1696948719.979265,103.000000,106821.992188,163553.585938
1696948720.976537,104.000000,106827.042969,163558.757812
1696948721.975370,102.000000,106827.058594,163558.757812
1696948722.976139,103.000000,106822.058594,163553.585938
1696948723.976158,104.000000,106827.085938,163558.757812
1696948724.975934,102.000000,106827.125000,163558.757812
1696948725.974256,103.000000,106822.171875,163553.585938
1696948726.969112,103.000000,106827.230469,163558.757812
1696948727.976845,103.000000,106827.234375,163558.757812
1696948728.976327,103.000000,106822.222656,163553.585938
1696948729.976324,103.000000,106827.242188,163558.757812
1696948730.981223,103.000000,106822.226562,163553.585938
1696948731.979636,103.000000,106822.277344,163553.585938
1696948732.980491,104.000000,106827.062500,163558.757812
1696948733.976479,103.000000,106827.347656,163558.757812
1696948734.976222,104.000000,106822.312500,163558.300781
1696948735.978993,102.000000,106827.074219,163558.757812
1696948736.977418,104.000000,106822.320312,163553.585938
1696948737.975923,102.000000,106822.382812,163553.585938
1696948738.973932,104.000000,106827.414062,163558.757812
1696948739.976855,102.000000,106827.433594,163558.757812
1696948740.977156,103.000000,106827.460938,163558.757812
1696948741.976312,103.000000,106827.187500,163558.757812
1696948742.976278,104.000000,106827.464844,163558.757812
1696948743.977067,103.000000,106827.453125,163558.757812
1696948744.976261,103.000000,106822.441406,163553.585938
1696948745.976035,103.000000,106824.625000,163558.757812
1696948746.977035,102.000000,106827.304688,163558.757812
1696948747.976261,104.000000,106827.648438,163558.757812
1696948748.979379,103.000000,106827.382812,163558.757812
1696948749.977604,103.000000,106827.671875,163558.757812
1696948750.976096,103.000000,106828.105469,163562.886719
1696948751.970683,103.000000,106822.652344,163553.585938
1696948752.965522,103.000000,106827.703125,163558.757812
1696948753.969022,101.900000,106822.656250,163553.585938
1696948754.968540,102.000000,106822.656250,163553.585938
1696948755.967819,102.000000,106812.925781,163543.839844
1696948756.965901,102.000000,106819.476562,163550.691406
1696948757.969180,102.000000,106819.820312,163550.691406
1696948758.979513,103.000000,106817.300781,163548.261719
1696948759.976896,102.000000,106819.527344,163550.691406
1696948760.976950,104.000000,106817.351562,163548.261719
1696948761.975410,103.000000,106819.867188,163550.691406
1696948762.975450,103.000000,106819.867188,163550.691406
1696948763.977060,103.000000,106814.957031,163545.519531
1696948764.976532,103.000000,106819.992188,163550.691406
1696948765.974450,103.000000,106798.609375,163529.046875
1696948766.976855,103.000000,106798.765625,163529.046875
1696948767.977904,103.000000,106798.777344,163529.046875
1696948768.980552,103.000000,106798.777344,163529.046875
1696948769.975655,103.000000,106798.785156,163529.046875
1696948770.976218,103.000000,106798.839844,163529.046875
1696948771.976243,104.000000,106798.847656,163529.046875
1696948772.979357,102.000000,106777.839844,163496.394531
1696948773.980501,104.000000,106365.382812,163083.625000
1696948774.976123,103.000000,106365.382812,163083.625000
1696948775.976002,104.000000,106365.382812,163083.625000
1696948776.975721,102.000000,106365.398438,163083.625000
1696948777.975757,103.000000,106365.500000,163083.625000
1696948778.975804,104.000000,106365.500000,163083.625000
1696948779.976080,102.000000,106365.500000,163083.625000
1696948780.971985,103.000000,106365.527344,163083.625000
1696948781.975738,103.000000,106365.636719,163083.625000
1696948782.975722,102.000000,106365.640625,163083.625000
1696948783.976037,104.000000,106365.644531,163083.625000
1696948784.976218,103.000000,106365.652344,163083.625000
1696948785.976291,103.000000,106365.652344,163083.625000
1696948786.975796,103.000000,106365.675781,163083.625000
1696948787.976117,103.000000,106365.683594,163083.625000
1696948788.975955,103.000000,106365.785156,163083.625000
1696948789.976131,103.000000,106365.785156,163083.625000
1696948790.976420,103.000000,106365.796875,163083.625000
1696948791.975928,103.000000,106367.796875,163083.625000
1696948792.975501,103.000000,106367.898438,163083.625000
1696948793.975855,102.000000,106367.902344,163083.625000
1696948794.976327,103.000000,106367.902344,163083.625000
1696948795.975976,104.000000,106367.914062,163083.625000
1696948796.976134,103.000000,106367.914062,163083.625000
1696948797.976106,102.000000,106367.914062,163083.625000
1696948798.976070,104.000000,106367.914062,163083.625000
1696948799.976075,103.000000,106367.914062,163083.625000
1696948800.975951,103.000000,106367.914062,163083.625000
1696948801.976041,103.000000,106367.914062,163083.625000
1696948802.974360,103.000000,106367.914062,163083.625000
1696948803.975966,103.000000,106367.914062,163083.625000
1696948804.976232,102.000000,106367.914062,163083.625000
1696948805.975826,103.000000,106367.914062,163083.625000
1696948806.975758,103.000000,106368.105469,163083.625000
1696948807.975857,104.000000,106368.105469,163083.625000
1696948808.976447,103.000000,106368.250000,163083.625000
1696948809.976155,102.000000,106368.250000,163083.625000
1696948810.975916,103.000000,106368.250000,163083.625000
1696948811.976119,103.000000,106368.250000,163083.625000
1696948812.976414,103.000000,106368.250000,163083.625000
1696948813.976001,103.000000,106368.421875,163083.625000
1696948814.976253,103.000000,106368.421875,163083.625000
1696948815.975952,103.000000,106368.421875,163083.625000
1696948816.975954,103.000000,106368.421875,163083.625000
1696948817.976708,103.000000,106368.445312,163083.625000
1696948818.975965,104.000000,106368.445312,163083.625000
1696948819.976058,102.000000,106368.445312,163083.625000
1696948820.976080,103.000000,106368.445312,163083.625000
1696948821.976059,103.000000,106368.445312,163083.625000
1696948822.976311,103.000000,106368.445312,163083.625000
1696948823.975839,103.000000,106368.445312,163083.625000
1696948824.975903,103.000000,106368.445312,163083.625000
1696948825.976263,103.000000,106368.476562,163083.625000
1696948826.976106,103.000000,106368.863281,163083.625000
1696948827.976167,103.000000,106368.960938,163083.625000
1696948828.976203,103.000000,106368.960938,163083.625000
1696948829.975772,103.000000,106368.960938,163083.625000
1696948830.976099,103.000000,106368.960938,163083.625000
1696948831.975955,103.000000,106368.960938,163083.625000
1696948832.976060,103.000000,106368.960938,163083.625000
1696948833.977500,103.000000,106369.164062,163083.625000
1696948834.975955,103.000000,106369.164062,163083.625000
1696948835.976077,103.000000,106374.738281,163083.625000
1696948836.975798,103.000000,106374.738281,163083.625000
1696948837.976143,103.000000,106374.929688,163083.625000
1696948838.975694,103.000000,106374.941406,163083.625000
1696948839.976403,103.000000,106374.972656,163083.625000
1696948840.976285,103.000000,106375.039062,163083.625000
1696948841.976335,103.000000,106375.171875,163083.625000
1696948842.976055,103.000000,106375.207031,163083.625000
1696948843.976463,103.000000,106375.214844,163083.625000
1696948844.972222,103.000000,106375.214844,163083.625000
1696948845.976129,103.000000,106375.531250,163083.625000
1696948846.975474,103.000000,106375.531250,163083.625000
1696948847.976549,102.000000,106375.531250,163083.625000
1696948848.975794,104.000000,106375.531250,163083.625000
1696948849.976633,102.000000,106375.609375,163083.625000
1696948850.976203,104.000000,106375.671875,163083.625000
1696948851.976272,103.000000,106375.671875,163083.625000
1696948852.975975,103.000000,106375.773438,163083.625000
1696948853.976012,102.000000,106375.777344,163083.625000
1696948854.975923,104.000000,106358.015625,163052.835938
1696948855.975694,103.000000,106358.261719,163052.835938
1696948856.975313,102.000000,106358.457031,163052.835938
1696948857.975918,104.000000,106358.460938,163052.835938
1696948858.700287,96.300000,104602.664062,161296.773438
