1696948621.598251,0.000000,118713.949219,179702.207031
1696948621.628073,115.000000,118713.949219,179702.207031
1696948622.628882,101.000000,120469.804688,181458.269531
1696948623.628643,103.000000,120469.804688,181458.269531
1696948624.628765,103.000000,120469.804688,181458.269531
1696948625.628430,103.000000,120470.011719,181458.269531
1696948626.628769,102.000000,120470.011719,181458.269531
1696948627.628307,104.000000,120470.011719,181458.269531
1696948628.628573,102.000000,120470.011719,181458.269531
1696948629.629433,103.000000,120470.011719,181458.269531
1696948630.629210,103.000000,120470.011719,181458.269531
1696948631.627674,103.000000,120470.011719,181458.269531
1696948632.628639,103.000000,120470.011719,181458.269531
1696948633.628615,103.000000,120470.011719,181458.269531
1696948634.628406,103.000000,120470.011719,181458.269531
1696948635.628870,103.000000,120470.011719,181458.269531
1696948636.628654,103.000000,120470.011719,181458.269531
1696948637.628395,103.000000,120470.011719,181458.269531
1696948638.628303,102.000000,120470.011719,181458.269531
1696948639.628774,104.000000,120470.011719,181458.269531
1696948640.628597,102.000000,120470.011719,181458.269531
1696948641.627778,103.000000,120470.011719,181458.269531
1696948642.628570,103.000000,120470.011719,181458.269531
1696948643.628620,103.000000,120470.011719,181458.269531
1696948644.628671,103.000000,120470.011719,181458.269531
1696948645.628474,103.000000,120470.011719,181458.269531
1696948646.629372,102.000000,120470.011719,181458.269531
1696948647.628803,104.000000,120470.011719,181458.269531
1696948648.628999,103.000000,120470.011719,181458.269531
1696948649.628453,103.000000,120470.011719,181458.269531
1696948650.628371,103.000000,120470.011719,181458.269531
1696948651.628989,103.000000,120470.011719,181458.269531
1696948652.629736,103.000000,120470.011719,181458.269531
1696948653.628465,102.000000,120470.011719,181458.269531
1696948654.628931,103.000000,120470.011719,181458.269531
1696948655.629087,103.000000,120470.011719,181458.269531
1696948656.628889,103.000000,120470.011719,181458.269531
1696948657.628402,103.000000,120470.011719,181458.269531
1696948658.631795,103.000000,120470.011719,181458.269531
1696948659.630462,103.000000,120470.011719,181458.269531
1696948660.629441,103.000000,120470.011719,181458.269531
1696948661.629284,103.000000,120470.011719,181458.269531
1696948662.628702,103.000000,120470.011719,181458.269531
1696948663.628409,103.000000,120470.011719,181458.269531
1696948664.628498,103.000000,120470.011719,181458.269531
1696948665.627802,103.000000,120470.011719,181458.269531
1696948666.628413,102.000000,120470.011719,181458.269531
1696948667.628258,104.000000,120470.011719,181458.269531
1696948668.628889,102.000000,120470.011719,181458.269531
1696948669.628535,103.000000,120470.011719,181458.269531
1696948670.628585,103.000000,120470.011719,181458.269531
1696948671.629030,103.000000,120470.011719,181458.269531
1696948672.628336,103.000000,120470.011719,181458.269531
1696948673.630094,103.000000,120470.011719,181458.269531
1696948674.628612,103.000000,120470.011719,181458.269531
1696948675.628567,103.000000,120470.011719,181458.269531
1696948676.628910,103.000000,120470.011719,181458.269531
1696948677.628985,103.000000,120470.011719,181458.269531
1696948678.631026,103.000000,120470.011719,181458.269531
1696948679.628536,103.000000,120470.011719,181458.269531
1696948680.628097,103.000000,120470.011719,181458.269531
1696948681.628984,102.000000,120470.011719,181458.269531
1696948682.629031,104.000000,120470.011719,181458.269531
1696948683.628755,102.000000,120470.011719,181458.269531
1696948684.628789,103.000000,120470.011719,181458.269531
1696948685.628567,103.000000,120470.011719,181458.269531
1696948686.629595,103.900000,120470.011719,181458.269531
1696948687.628511,102.100000,120470.011719,181458.269531
1696948688.630621,103.000000,120470.011719,181458.269531
1696948689.628746,103.000000,120470.011719,181458.269531
1696948690.626616,103.000000,120470.011719,181458.269531
1696948691.628927,102.000000,120470.011719,181458.269531
1696948692.628910,103.000000,120470.011719,181458.269531
1696948693.628721,103.000000,120470.011719,181458.269531
1696948694.628652,103.000000,120470.011719,181458.269531
1696948695.628720,103.000000,120470.011719,181458.269531
1696948696.628537,103.000000,120470.011719,181458.269531
1696948697.628695,103.000000,120470.011719,181458.269531
1696948698.628274,102.000000,120470.011719,181458.269531
1696948699.628740,104.000000,120470.011719,181458.269531
1696948700.628902,103.000000,120470.011719,181458.269531
1696948701.628961,103.000000,120470.011719,181458.269531
1696948702.628660,103.000000,120470.011719,181458.269531
1696948703.630571,103.000000,120470.011719,181458.269531
1696948704.628859,102.000000,120470.011719,181458.269531
1696948705.629024,103.000000,120470.011719,181458.269531
1696948706.628965,104.000000,120470.011719,181458.269531
1696948707.628990,103.000000,120470.011719,181458.269531
1696948708.628683,102.000000,120470.011719,181458.269531
1696948709.628492,103.000000,120470.011719,181458.269531
1696948710.629317,104.000000,120470.011719,181458.269531
1696948711.628839,102.000000,120470.011719,181458.269531
1696948712.629497,103.000000,120470.011719,181458.269531
1696948713.629037,103.000000,120470.011719,181458.269531
1696948714.628475,103.000000,120470.011719,181458.269531
1696948715.628783,103.000000,120470.011719,181458.269531
1696948716.629041,103.000000,120470.011719,181458.269531
1696948717.628566,103.000000,120470.011719,181458.269531
1696948718.630974,103.000000,120470.011719,181458.269531
1696948719.628877,102.000000,120470.011719,181458.269531
1696948720.626010,104.000000,120470.011719,181458.269531
1696948721.629097,102.000000,120470.011719,181458.269531
1696948722.628756,103.000000,120470.011719,181458.269531
1696948723.628495,103.000000,120470.011719,181458.269531
1696948724.628837,103.000000,120470.011719,181458.269531
1696948725.629280,103.000000,120470.011719,181458.269531
1696948726.628741,102.000000,120470.011719,181458.269531
1696948727.628483,104.000000,120470.011719,181458.269531
1696948728.628724,102.000000,120470.011719,181458.269531
1696948729.628499,104.000000,120470.011719,181458.269531
1696948730.629079,102.000000,120470.011719,181458.269531
1696948731.628565,103.000000,120470.011719,181458.269531
1696948732.628831,103.000000,120470.011719,181458.269531
1696948733.629544,104.000000,120470.011719,181458.269531
1696948734.628844,102.000000,120470.011719,181458.269531
1696948735.633168,102.900000,120470.011719,181458.269531
1696948736.628800,103.100000,120470.011719,181458.269531
1696948737.628780,104.000000,120470.011719,181458.269531
1696948738.628659,102.000000,120470.011719,181458.269531
1696948739.631069,103.000000,120470.011719,181458.269531
1696948740.628462,103.000000,120470.011719,181458.269531
1696948741.628976,103.000000,120470.011719,181458.269531
1696948742.629272,103.000000,120470.011719,181458.269531
1696948743.628763,103.000000,120470.011719,181458.269531
1696948744.629057,103.000000,120470.011719,181458.269531
1696948745.628847,103.000000,120470.011719,181458.269531
1696948746.630451,103.000000,120470.011719,181458.269531
1696948747.628876,103.000000,120470.011719,181458.269531
1696948748.627350,103.000000,120470.011719,181458.269531
1696948749.628757,103.000000,120470.011719,181458.269531
1696948750.628588,102.000000,120470.011719,181458.269531
1696948751.628381,104.000000,120470.011719,181458.269531
1696948752.628795,102.000000,120470.011719,181458.269531
1696948753.628895,103.000000,120470.011719,181458.269531
1696948754.628865,103.000000,120470.011719,181458.269531
1696948755.628739,103.000000,120470.011719,181458.269531
1696948756.625116,103.000000,120470.011719,181458.269531
1696948757.628600,102.000000,120470.011719,181458.269531
1696948758.628642,104.000000,120470.011719,181458.269531
1696948759.630708,102.000000,120470.011719,181458.269531
1696948760.628858,103.000000,120470.011719,181458.269531
1696948761.630142,103.000000,120470.011719,181458.269531
1696948762.628939,103.000000,120470.011719,181458.269531
1696948763.628507,103.000000,120470.011719,181458.269531
1696948764.628665,103.000000,120470.011719,181458.269531
1696948765.629006,102.000000,120470.011719,181458.269531
1696948766.628874,103.000000,120470.011719,181458.269531
1696948767.628691,104.000000,120470.011719,181458.269531
1696948768.628773,103.000000,120470.011719,181458.269531
1696948769.628634,102.000000,120470.011719,181458.269531
1696948770.447848,98.800000,118713.949219,179702.207031
