1696946343.919674,0.000000,103785.011719,161345.718750
1696946343.956427,109.700000,103813.613281,161349.199219
1696946344.957148,102.000000,105965.828125,163605.933594
1696946345.956013,104.000000,105708.769531,163093.742188
1696946346.958101,103.000000,105569.527344,162888.472656
1696946347.954591,104.000000,105557.144531,162899.308594
1696946348.959711,102.000000,105632.195312,162928.367188
1696946349.957114,105.000000,105896.136719,163605.976562
1696946350.958828,103.000000,105311.648438,162387.312500
1696946351.943932,104.000000,105546.750000,162760.859375
1696946352.952810,102.000000,105245.324219,162588.902344
1696946353.952075,103.000000,105497.691406,162751.890625
1696946354.953237,103.000000,105532.347656,163240.640625
1696946355.955467,104.000000,105556.875000,162775.203125
1696946356.950348,103.000000,105359.019531,162631.875000
1696946357.943906,103.000000,105087.027344,162253.011719
1696946358.944620,102.000000,105199.500000,162416.617188
1696946359.945096,103.000000,105107.132812,162268.312500
1696946360.943758,102.000000,105293.019531,162665.113281
1696946361.943481,102.000000,104968.074219,161917.164062
1696946362.945955,102.000000,105127.210938,162472.371094
1696946363.944685,102.000000,105346.464844,162484.105469
1696946364.944800,103.000000,105205.414062,162663.308594
1696946365.944318,103.000000,104833.304688,162115.015625
1696946366.943701,102.000000,105144.925781,162467.984375
1696946367.943977,102.000000,104960.488281,162166.417969
1696946368.943183,102.000000,104843.023438,162026.507812
1696946369.943724,102.000000,105094.277344,162091.773438
1696946370.943435,102.000000,105154.390625,162546.464844
1696946371.943733,102.000000,104703.945312,161750.480469
1696946372.945302,103.000000,104748.250000,161661.617188
1696946373.947365,102.000000,104950.375000,162145.636719
1696946374.944761,103.000000,104978.359375,162307.664062
1696946375.944143,102.000000,104878.664062,162212.351562
1696946376.944921,102.000000,104893.597656,162010.003906
1696946377.942891,103.000000,104213.824219,160971.980469
1696946378.944086,99.000000,104826.429688,161708.597656
1696946379.943528,102.000000,104334.535156,161081.605469
1696946380.943182,102.000000,104509.683594,161446.203125
1696946381.947846,103.000000,104660.882812,162009.671875
1696946382.944535,102.000000,104869.691406,161997.894531
1696946383.943295,102.000000,104626.195312,161817.859375
1696946384.942958,102.000000,104610.019531,161499.039062
1696946385.943787,102.000000,104459.609375,161446.140625
1696946386.943682,103.000000,104826.792969,162182.375000
1696946387.942818,101.000000,104344.273438,161269.683594
1696946388.943314,103.000000,104773.027344,161799.128906
1696946389.944102,102.000000,104683.316406,161817.957031
1696946390.945362,102.000000,104592.515625,161434.519531
1696946391.944640,103.000000,104359.281250,161457.847656
1696946392.943856,101.000000,104726.355469,161610.976562
1696946393.943152,103.000000,104672.042969,162071.011719
1696946394.943484,102.000000,104728.050781,161884.785156
1696946395.943625,102.000000,104759.578125,161987.175781
1696946396.942788,103.000000,104383.332031,161246.058594
1696946397.942964,102.000000,104767.718750,161825.031250
1696946398.943065,102.000000,104624.425781,161687.652344
1696946399.943028,102.000000,104609.847656,161434.519531
1696946400.942919,102.000000,104883.703125,162001.460938
1696946401.943243,101.000000,104572.667969,161702.785156
1696946402.942985,103.000000,104215.378906,161033.257812
1696946403.942914,102.000000,104666.585938,161817.839844
1696946404.944104,102.000000,104588.339844,161434.519531
1696946405.943142,103.000000,104660.449219,161629.761719
1696946406.942711,102.000000,104546.500000,161520.136719
1696946407.942837,102.000000,104344.058594,161148.437500
1696946408.942688,102.000000,104657.953125,161836.667969
1696946409.942847,102.000000,104658.625000,161689.503906
1696946410.942716,102.000000,104605.148438,161492.218750
1696946411.944451,102.000000,104832.609375,161987.214844
1696946412.943326,102.000000,104744.957031,161629.761719
1696946413.943053,102.000000,104457.125000,161446.140625
1696946414.944026,102.000000,104685.070312,162005.917969
1696946415.942856,102.000000,104590.710938,161434.519531
1696946416.943550,103.000000,104454.105469,161258.062500
1696946417.942410,102.000000,104357.613281,161269.757812
1696946418.942618,102.000000,104201.867188,161163.656250
1696946419.943072,102.000000,104038.480469,160728.691406
1696946420.942797,102.000000,104045.390625,160916.769531
1696946421.943671,102.000000,104287.679688,161295.691406
1696946422.943846,103.000000,104249.097656,161150.968750
1696946423.943028,102.000000,104317.914062,161273.281250
1696946424.942817,103.000000,104397.351562,161276.847656
1696946425.942994,102.000000,103936.851562,160619.066406
1696946426.942533,101.000000,104074.468750,160795.523438
1696946427.942272,102.000000,104229.828125,161093.281250
1696946428.942909,102.000000,104178.179688,161096.824219
1696946429.942172,102.000000,104185.062500,160923.933594
1696946430.943616,103.000000,104316.664062,161081.605469
1696946431.944508,102.000000,104411.675781,161179.226562
1696946432.943282,102.000000,104253.835938,161100.390625
1696946433.944679,102.000000,104360.421875,161483.710938
1696946434.942722,102.000000,104312.300781,161339.695312
1696946435.943000,102.000000,104248.742188,161154.546875
1696946436.942171,102.000000,104315.328125,161081.605469
1696946437.943915,102.000000,104057.316406,160728.691406
1696946438.942762,103.000000,104358.257812,161269.757812
1696946439.943431,102.000000,104073.839844,160916.812500
1696946440.943239,101.900000,104028.121094,160911.929688
1696946441.943552,102.000000,104291.421875,161281.367188
1696946442.944477,102.000000,104311.992188,161081.605469
1696946443.943557,102.000000,104173.406250,160905.148438
1696946444.941934,102.000000,104053.734375,160728.691406
1696946445.942598,102.000000,104360.046875,161269.738281
1696946446.941515,103.000000,104068.234375,160924.027344
1696946447.942035,102.000000,103948.101562,160928.464844
1696946448.940632,102.000000,103804.136719,160563.929688
1696946449.941555,102.000000,103778.617188,160375.777344
1696946450.940314,101.000000,103641.960938,160199.320312
1696946451.942211,103.000000,103763.324219,160375.777344
1696946452.941230,102.000000,103763.531250,160375.777344
1696946453.941675,101.000000,103941.109375,160935.605469
1696946454.940595,102.000000,104037.265625,160935.574219
1696946455.941083,102.000000,103902.144531,160552.234375
1696946456.942831,102.000000,103830.605469,160571.046875
1696946457.942532,102.000000,103627.156250,160199.320312
1696946458.942780,102.000000,103956.105469,160740.343750
1696946459.942973,103.000000,103764.683594,160375.777344
1696946460.940757,102.000000,104068.269531,160942.718750
1696946461.941860,102.000000,103794.675781,160751.976562
1696946462.942012,102.000000,103903.777344,160552.234375
1696946463.942183,101.000000,103873.632812,160825.957031
1696946464.940698,103.000000,103819.449219,160540.230469
1696946465.942869,101.000000,103794.867188,160563.898438
1696946466.941358,102.000000,103785.441406,160429.496094
1696946467.942053,102.000000,103791.539062,160563.898438
1696946468.942107,102.000000,103803.585938,160442.609375
1696946469.940111,102.000000,103788.562500,160375.777344
1696946470.942730,102.000000,103649.945312,160257.019531
1696946471.941356,102.000000,103934.582031,160740.355469
1696946472.940105,102.000000,103632.015625,160199.320312
1696946473.941649,103.000000,103631.191406,160199.320312
1696946474.941171,101.000000,103494.589844,160022.863281
1696946475.940622,102.000000,103358.191406,159846.406250
1696946476.943102,103.800000,103290.980469,160127.011719
1696946477.939780,101.200000,102967.226562,159381.554688
1696946478.939451,101.000000,102944.000000,159317.035156
1696946479.940678,102.000000,103080.812500,159493.492188
1696946480.940523,102.000000,103080.812500,159493.492188
1696946481.940380,102.000000,103081.019531,159493.492188
1696946482.940025,103.000000,102942.417969,159317.035156
1696946483.941583,96.000000,103132.316406,159681.613281
1696946484.941532,102.000000,103093.824219,159681.570312
1696946485.941382,102.000000,103082.812500,159493.492188
1696946486.940997,101.000000,103083.019531,159493.492188
1696946487.940453,102.000000,103083.019531,159493.492188
1696946488.941084,102.000000,103102.335938,159688.792969
1696946489.939953,102.000000,103036.105469,159569.980469
1696946490.940651,102.000000,103078.828125,159493.492188
1696946491.940814,102.000000,103079.035156,159493.492188
1696946492.939606,102.000000,103079.035156,159493.492188
1696946493.946314,102.000000,102942.429688,159317.035156
1696946494.941821,102.000000,103099.441406,159681.613281
1696946495.941976,102.000000,103154.523438,159688.734375
1696946496.940683,102.000000,103080.800781,159493.492188
1696946497.940338,102.000000,103081.007812,159493.492188
1696946498.940524,102.000000,103081.007812,159493.492188
1696946499.273047,90.400000,101325.015625,157737.429688
