1696947371.401434,0.000000,102386.105469,158806.125000
1696947371.436032,120.600000,102386.105469,158806.125000
1696947372.430351,101.000000,104142.167969,160562.187500
1696947373.431295,104.000000,104142.167969,160562.187500
1696947374.430073,103.000000,104142.167969,160562.187500
1696947375.430194,101.000000,104142.167969,160562.187500
1696947376.431390,103.000000,104142.167969,160562.187500
1696947377.430482,103.000000,104142.167969,160562.187500
1696947378.430521,103.000000,104142.167969,160562.187500
1696947379.431010,102.000000,104142.167969,160562.187500
1696947380.430660,103.000000,104142.167969,160562.187500
1696947381.430896,103.000000,104142.167969,160562.187500
1696947382.430412,102.000000,104142.167969,160562.187500
1696947383.430625,104.000000,104142.167969,160562.187500
1696947384.430393,102.000000,104142.167969,160562.187500
1696947385.430581,103.000000,104142.167969,160562.187500
1696947386.430718,103.000000,104142.167969,160562.187500
1696947387.430517,102.000000,104142.167969,160562.187500
1696947388.430798,103.000000,104142.167969,160562.187500
1696947389.430628,103.000000,104142.167969,160562.187500
1696947390.430568,103.000000,104142.167969,160562.187500
1696947391.430518,103.000000,104142.167969,160562.187500
1696947392.430435,102.000000,104142.167969,160562.187500
1696947393.431335,103.000000,104142.167969,160562.187500
1696947394.430182,102.000000,104142.167969,160562.187500
1696947395.430402,104.000000,104142.167969,160562.187500
1696947396.430707,102.000000,104142.167969,160562.187500
1696947397.430585,103.000000,104142.167969,160562.187500
1696947398.430626,103.000000,104142.167969,160562.187500
1696947399.431270,102.000000,104142.167969,160562.187500
1696947400.431232,103.000000,104142.167969,160562.187500
1696947401.424801,102.000000,104142.167969,160562.187500
1696947402.430531,103.000000,104142.167969,160562.187500
1696947403.431408,103.000000,104142.167969,160562.187500
1696947404.431205,102.000000,104142.167969,160562.187500
1696947405.430290,103.000000,104142.167969,160562.187500
1696947406.430358,103.000000,104142.167969,160562.187500
1696947407.430555,103.000000,104142.167969,160562.187500
1696947408.431120,103.000000,104142.167969,160562.187500
1696947409.430780,102.000000,104142.167969,160562.187500
1696947410.430673,103.000000,104142.167969,160562.187500
1696947411.430157,103.000000,104142.167969,160562.187500
1696947412.430610,103.000000,104142.167969,160562.187500
1696947413.430711,102.000000,104142.167969,160562.187500
1696947414.430842,103.000000,104142.167969,160562.187500
1696947415.430523,103.000000,104142.167969,160562.187500
1696947416.434224,102.700000,104142.167969,160562.187500
1696947417.430430,102.300000,104142.167969,160562.187500
1696947418.430751,103.000000,104142.167969,160562.187500
1696947419.430661,103.000000,104142.167969,160562.187500
1696947420.430679,103.000000,104142.167969,160562.187500
1696947421.430701,102.000000,104142.167969,160562.187500
1696947422.430821,103.000000,104142.167969,160562.187500
1696947423.430964,102.000000,104142.167969,160562.187500
1696947424.430463,104.000000,104142.167969,160562.187500
1696947425.430316,102.000000,104142.167969,160562.187500
1696947426.430566,103.000000,104142.167969,160562.187500
1696947427.430768,103.000000,104142.167969,160562.187500
1696947428.431063,103.000000,104142.167969,160562.187500
1696947429.430552,103.000000,104142.167969,160562.187500
1696947430.430733,102.000000,104142.167969,160562.187500
1696947431.430335,102.000000,104142.167969,160562.187500
1696947432.430538,103.000000,104142.167969,160562.187500
1696947433.431338,103.000000,104142.167969,160562.187500
1696947434.430542,103.000000,104142.167969,160562.187500
1696947435.430762,103.000000,104142.167969,160562.187500
1696947436.430556,103.000000,104142.167969,160562.187500
1696947437.430217,102.000000,104142.167969,160562.187500
1696947438.430478,103.000000,104142.167969,160562.187500
1696947439.430754,103.000000,104142.167969,160562.187500
1696947440.430586,103.000000,104142.167969,160562.187500
1696947441.430509,103.000000,104142.167969,160562.187500
1696947442.430682,102.000000,104142.167969,160562.187500
1696947443.430925,103.000000,104142.167969,160562.187500
1696947444.430565,102.000000,104142.167969,160562.187500
1696947445.428509,102.000000,104142.167969,160562.187500
1696947446.423505,103.000000,104142.167969,160562.187500
1696947447.433385,102.000000,104142.167969,160562.187500
1696947448.430696,103.000000,104142.167969,160562.187500
1696947449.428409,103.000000,104142.167969,160562.187500
1696947450.430598,103.000000,104142.167969,160562.187500
1696947451.430762,102.000000,104142.167969,160562.187500
1696947452.430887,103.000000,104142.167969,160562.187500
1696947453.430667,103.000000,104142.167969,160562.187500
1696947454.431471,103.000000,104142.167969,160562.187500
1696947455.431453,103.000000,104142.167969,160562.187500
1696947456.430252,102.000000,104142.167969,160562.187500
1696947457.430439,102.000000,104142.167969,160562.187500
1696947458.431022,104.000000,104142.167969,160562.187500
1696947459.431137,102.000000,104142.167969,160562.187500
1696947460.431680,102.900000,104142.167969,160562.187500
1696947461.430967,102.100000,104142.167969,160562.187500
1696947462.431090,103.000000,104142.167969,160562.187500
1696947463.432370,104.000000,104142.167969,160562.187500
1696947464.430367,103.000000,104142.167969,160562.187500
1696947465.430815,101.000000,104142.167969,160562.187500
1696947466.430778,102.000000,104142.167969,160562.187500
1696947467.430828,103.000000,104142.167969,160562.187500
1696947468.430587,103.000000,104142.167969,160562.187500
1696947469.430439,103.000000,104142.167969,160562.187500
1696947470.430230,102.000000,104142.167969,160562.187500
1696947471.430740,103.000000,104142.167969,160562.187500
1696947472.430346,103.000000,104142.167969,160562.187500
1696947473.430547,103.000000,104142.167969,160562.187500
1696947474.430392,102.000000,104142.167969,160562.187500
1696947475.430677,103.000000,104142.167969,160562.187500
1696947476.430651,103.000000,104142.167969,160562.187500
1696947477.427563,102.000000,104142.167969,160562.187500
1696947478.430501,103.000000,104142.167969,160562.187500
1696947479.430383,103.000000,104142.167969,160562.187500
1696947480.430142,103.000000,104142.167969,160562.187500
1696947481.430592,103.000000,104142.167969,160562.187500
1696947482.430913,101.900000,104142.167969,160562.187500
1696947483.430139,102.100000,104142.167969,160562.187500
1696947484.428426,103.000000,104142.167969,160562.187500
1696947485.423657,102.000000,104142.167969,160562.187500
1696947486.433412,102.000000,104142.167969,160562.187500
1696947487.430767,104.000000,104142.167969,160562.187500
1696947488.431959,102.000000,104142.167969,160562.187500
1696947489.431007,103.000000,104142.167969,160562.187500
1696947490.430906,103.000000,104142.167969,160562.187500
1696947491.431125,102.000000,104142.167969,160562.187500
1696947492.430823,103.000000,104142.167969,160562.187500
1696947493.432489,103.000000,104142.167969,160562.187500
1696947494.430601,103.000000,104142.167969,160562.187500
1696947495.431174,102.000000,104142.167969,160562.187500
1696947496.430441,103.000000,104142.167969,160562.187500
1696947497.430811,103.000000,104142.167969,160562.187500
1696947498.430726,102.000000,104142.167969,160562.187500
1696947499.425445,104.000000,104142.167969,160562.187500
1696947500.430513,101.000000,104142.167969,160562.187500
1696947501.430410,104.000000,104142.167969,160562.187500
1696947502.430573,102.000000,104142.167969,160562.187500
1696947503.430482,103.000000,104142.167969,160562.187500
1696947504.430561,102.000000,104142.167969,160562.187500
1696947505.430767,104.000000,104142.167969,160562.187500
1696947506.430818,102.000000,104142.167969,160562.187500
1696947507.430470,103.000000,104142.167969,160562.187500
1696947508.431112,102.000000,104142.167969,160562.187500
1696947509.430858,104.000000,104142.167969,160562.187500
1696947510.428333,103.000000,104142.167969,160562.187500
1696947511.430732,102.000000,104142.167969,160562.187500
1696947512.430578,102.000000,104142.167969,160562.187500
1696947513.432128,103.000000,104142.167969,160562.187500
1696947514.431585,102.900000,104142.167969,160562.187500
1696947515.433740,103.000000,104142.167969,160562.187500
1696947516.430758,102.100000,104142.167969,160562.187500
1696947517.430490,103.000000,104142.167969,160562.187500
1696947518.430649,103.000000,104142.167969,160562.187500
1696947519.430965,103.000000,104142.167969,160562.187500
1696947520.008891,93.300000,102386.105469,158806.125000
