1696949151.376853,0.000000,119957.183594,181206.015625
1696949151.410681,127.900000,119957.183594,181206.015625
1696949152.409460,102.000000,121713.097656,182962.078125
1696949153.409851,103.000000,121713.097656,182962.078125
1696949154.409199,103.000000,121713.097656,182962.078125
1696949155.409384,103.000000,121713.097656,182962.078125
1696949156.409626,102.000000,121713.097656,182962.078125
1696949157.409904,104.000000,121713.097656,182962.078125
1696949158.411169,102.000000,121713.246094,182962.078125
1696949159.411693,104.000000,121713.246094,182962.078125
1696949160.409471,103.000000,121713.429688,182962.078125
1696949161.409209,103.000000,121713.429688,182962.078125
1696949162.409790,103.000000,121713.429688,182962.078125
1696949163.409650,104.000000,121713.429688,182962.078125
1696949164.409183,102.000000,121713.429688,182962.078125
1696949165.409562,104.000000,121713.558594,182962.078125
1696949166.409638,103.000000,121713.558594,182962.078125
1696949167.409885,103.000000,121713.558594,182962.078125
1696949168.409543,103.000000,121713.558594,182962.078125
1696949169.409558,103.000000,121713.558594,182962.078125
1696949170.409531,103.000000,121713.558594,182962.078125
1696949171.409504,103.000000,121713.558594,182962.078125
1696949172.409742,104.000000,121713.558594,182962.078125
1696949173.409570,102.000000,121713.757812,182962.078125
1696949174.405279,104.000000,121713.757812,182962.078125
1696949175.409886,102.000000,121713.757812,182962.078125
1696949176.409674,104.000000,121713.757812,182962.078125
1696949177.409484,103.000000,121713.757812,182962.078125
1696949178.409586,103.000000,121713.757812,182962.078125
1696949179.409256,102.000000,121713.867188,182962.078125
1696949180.409633,104.000000,121713.867188,182962.078125
1696949181.409515,103.000000,121713.867188,182962.078125
1696949182.409870,103.000000,121713.867188,182962.078125
1696949183.409705,103.000000,121713.867188,182962.078125
1696949184.409564,103.000000,121713.867188,182962.078125
1696949185.409565,103.000000,121713.867188,182962.078125
1696949186.409486,104.000000,121713.867188,182962.078125
1696949187.409416,103.000000,121713.867188,182962.078125
1696949188.409472,103.000000,121713.867188,182962.078125
1696949189.409543,103.000000,121713.867188,182962.078125
1696949190.409406,103.000000,121713.867188,182962.078125
1696949191.405237,103.000000,121713.867188,182962.078125
1696949192.409921,103.000000,121713.867188,182962.078125
1696949193.409468,102.000000,121713.867188,182962.078125
1696949194.409554,104.000000,121713.867188,182962.078125
1696949195.409474,103.000000,121713.867188,182962.078125
1696949196.409540,103.000000,121713.867188,182962.078125
1696949197.409308,103.000000,121713.867188,182962.078125
1696949198.409647,103.000000,121713.867188,182962.078125
1696949199.409731,104.000000,121713.867188,182962.078125
1696949200.409584,102.000000,121714.074219,182962.078125
1696949201.409414,104.000000,121714.281250,182962.078125
1696949202.409658,103.000000,121714.281250,182962.078125
1696949203.409350,103.000000,121714.281250,182962.078125
1696949204.409586,103.000000,121714.281250,182962.078125
1696949205.409466,102.000000,121714.371094,182962.078125
1696949206.409242,103.000000,121714.371094,182962.078125
1696949207.410307,103.000000,121714.371094,182962.078125
1696949208.409551,103.000000,121714.371094,182962.078125
1696949209.409618,104.000000,121714.593750,182962.078125
1696949210.409838,102.000000,121714.628906,182962.078125
1696949211.409305,104.000000,121714.628906,182962.078125
1696949212.409619,103.000000,121714.628906,182962.078125
1696949213.409532,103.000000,121714.628906,182962.078125
1696949214.409635,103.000000,121714.628906,182962.078125
1696949215.409710,103.000000,121714.628906,182962.078125
1696949216.409691,104.000000,121714.628906,182962.078125
1696949217.409259,103.000000,121714.628906,182962.078125
1696949218.410159,103.000000,121714.628906,182962.078125
1696949219.410299,102.000000,121714.628906,182962.078125
1696949220.409575,104.000000,121714.703125,182962.078125
1696949221.409526,103.000000,121714.703125,182962.078125
1696949222.409909,103.000000,121714.703125,182962.078125
1696949223.409511,103.000000,121714.703125,182962.078125
1696949224.409635,104.000000,121714.703125,182962.078125
1696949225.409631,102.000000,121714.703125,182962.078125
1696949226.409777,103.000000,121714.738281,182962.078125
1696949227.409291,104.000000,121714.738281,182962.078125
1696949228.409665,102.000000,121714.738281,182962.078125
1696949229.409642,104.000000,121714.945312,182962.078125
1696949230.409150,101.000000,121715.152344,182962.078125
1696949231.409723,103.000000,121715.152344,182962.078125
1696949232.409462,103.000000,121715.152344,182962.078125
1696949233.409523,103.000000,121715.152344,182962.078125
1696949234.409714,104.000000,121715.152344,182962.078125
1696949235.409327,102.000000,121715.152344,182962.078125
1696949236.409745,103.000000,121715.152344,182962.078125
1696949237.409455,104.000000,121715.152344,182962.078125
1696949238.409541,103.000000,121715.152344,182962.078125
1696949239.409481,103.000000,121715.406250,182962.078125
1696949240.410010,103.000000,121715.406250,182962.078125
1696949241.409535,103.000000,121715.406250,182962.078125
1696949242.410236,103.000000,121715.406250,182962.078125
1696949243.409698,104.000000,121715.406250,182962.078125
1696949244.409604,103.000000,121715.500000,182962.078125
1696949245.409623,102.000000,121715.500000,182962.078125
1696949246.409728,104.000000,121715.500000,182962.078125
1696949247.409794,103.000000,121715.628906,182962.078125
1696949248.409825,103.000000,121715.628906,182962.078125
1696949249.409536,104.000000,121715.628906,182962.078125
1696949250.410048,103.000000,121715.835938,182962.078125
1696949251.409567,103.000000,121716.035156,182962.078125
1696949252.410141,103.000000,121716.035156,182962.078125
1696949253.409537,103.000000,121716.035156,182962.078125
1696949254.409624,103.000000,121716.035156,182962.078125
1696949255.410237,102.000000,121716.035156,182962.078125
1696949256.409490,103.000000,121716.035156,182962.078125
1696949257.409746,102.000000,121716.035156,182962.078125
1696949258.410080,104.000000,121716.035156,182962.078125
1696949259.409577,104.000000,121716.160156,182962.078125
1696949260.409463,103.000000,121716.160156,182962.078125
1696949261.409623,102.000000,121716.160156,182962.078125
1696949262.409673,103.000000,121716.171875,182962.078125
1696949263.409496,103.000000,121716.171875,182962.078125
1696949264.409737,104.000000,121716.261719,182962.078125
1696949265.409638,102.000000,121716.476562,182962.078125
1696949266.409577,104.000000,121716.550781,182962.078125
1696949267.409754,103.000000,121716.757812,182962.078125
1696949268.409634,103.000000,121716.761719,182962.078125
1696949269.409999,103.000000,121716.765625,182962.078125
1696949270.409452,103.000000,121716.765625,182962.078125
1696949271.409479,103.000000,121716.882812,182962.078125
1696949272.409741,103.000000,121717.128906,182962.078125
1696949273.409334,104.000000,121717.140625,182962.078125
1696949274.409497,103.000000,121717.140625,182962.078125
1696949275.409383,103.000000,121717.410156,182962.078125
1696949276.409757,103.000000,121717.410156,182962.078125
1696949277.405125,103.000000,121717.414062,182962.078125
1696949278.411348,103.000000,121717.414062,182962.078125
1696949279.410936,104.000000,121717.421875,182962.078125
1696949280.409477,102.000000,121717.679688,182962.078125
1696949281.409497,104.000000,121717.800781,182962.078125
1696949282.409874,102.000000,121718.070312,182962.078125
1696949283.409573,104.000000,121700.503906,182931.285156
1696949284.409705,103.000000,121700.531250,182931.285156
1696949285.404665,103.000000,121700.824219,182931.285156
1696949286.409411,103.000000,121698.324219,182928.667969
1696949287.409201,103.000000,121683.222656,182900.496094
1696949288.408977,103.000000,121680.648438,182897.878906
1696949289.408612,103.000000,121665.488281,182869.707031
1696949290.408739,103.000000,121665.488281,182869.707031
1696949291.408994,103.000000,121665.781250,182869.707031
1696949292.408566,104.000000,121665.882812,182869.707031
1696949293.408968,102.000000,121665.882812,182869.707031
1696949294.409116,103.000000,121664.460938,182867.792969
1696949295.408555,103.000000,121648.492188,182838.914062
1696949296.242147,96.000000,119892.429688,181082.851562
